    MJD        PKS-TID          NSITE  Date and comments

  44000.0       0.000             7    
 48811.00       1.941             7    080792
 48812.00       2.036             7    090792
 48813.00       2.204             7    100792
 48814.00       2.304             7    110792
 48815.00       2.400             7    120792
 48816.00       2.471             7    130792
 48817.00       2.565             7    140792
 48818.00       2.619             7    150792
 48820.00       2.326             7    170792
 48821.00       2.399             7    180792
 48822.00       2.495             7    190792
 48823.00       2.578             7    200792
 48824.00       2.663             7    210792
 48825.00       2.743             7    220792
 48826.00       2.825             7    230792
 48827.00       2.906             7    240792
 48828.00       2.987             7    250792
 48829.00       3.078             7    260792
 48830.00       3.162             7    270792
 48831.00       3.253             7    280792
 48832.00       3.356             7    290792
 48833.00       3.458             7    300792
 48834.00       3.547             7    310792
 48835.00       3.631             7    010892
 48850.00       4.818             7    160892
 48851.00       4.858             7    170892
 48852.00       4.916             7    180892
 48853.00       4.981             7    190892
 48866.00       6.933             7    010992
 48867.00       7.193             7    020992
 48868.00       7.364             7    030992
 48869.00       7.701             7    040992
 48870.00       7.944             7    050992
 48871.00       8.178             7    060992
 48872.00       8.418             7    070992
 48873.00       8.523             7    080992
 48874.00       8.208             7    090992
 48875.00       8.736             7    100992
 48876.00       9.289             7    110992
 48877.00       9.457             7    120992
 48878.00       9.690             7    130992
 48879.00       9.910             7    140992
 48880.00      10.123             7    150992
 48881.00      10.350             7    160992
 48882.00       6.562             7    170992
 48883.00       0.279             7    180992
 48884.00       0.246             7    190992
 48885.00       0.238             7    200992
 48886.00       0.230             7    210992
 48887.00       0.221             7    220992
 48888.00       0.213             7    230992
 48889.00       0.214             7    240992
 48894.00      -8.635             7    290992
 48895.00       3.528             7    300992
 48896.00       8.560             7    011092
 48897.00       0.542             7    021092
 48927.00       1.361             7    011192
 48928.00       1.692             7    021192
 48929.00       2.043             7    031192
 48930.00       2.167             7    041192
 48932.00       2.145             7    061192
 48933.00       2.459             7    071192
 48934.00       2.731             7    081192
 48935.00       3.002             7    091192
 48936.00       3.308             7    101192
 48937.00       3.691             7    111192
 48938.00       4.166             7    121192
 48939.00       4.549             7    131192
 48940.00       4.852             7    141192
 48941.00       5.246             7    151192
 48942.00       5.649             7    161192
 48957.00      11.949             7    011292
 48958.00      12.326             7    021292
 48959.00      12.737             7    031292
 48960.00      13.133             7    041292
 48961.00      13.564             7    051292
 48962.00      13.937             7    061292
 48963.00      14.294             7    071292
 48964.00       9.020             7    081292
 48965.00       2.654             7    091292
 48966.00       1.023             7    101292
 48967.00       1.351             7    111292
 48968.00       2.258             7    121292
 48969.00       2.297             7    131292
 48970.00       3.341             7    141292
 48971.00       2.248             7    151292
 48999.00       8.519             7    120193
 49000.00       8.913             7    130193
 49001.00       9.263             7    140193
 49002.00       9.655             7    150193
 49007.00      11.652             7    200193
 49008.00      12.016             7    210193
 49009.00      12.388             7    220193
 49010.00      12.755             7    230193
 49011.00      13.119             7    240193
 49012.00      13.485             7    250193
 49013.00      13.858             7    260193
 49014.00      14.227             7    270193
 49015.00      14.649             7    280193
 49016.00      15.051             7    290193
 49017.00      15.424             7    300193
 49018.00      15.845             7    310193
 49019.00      16.271             7    010293
 49020.00      16.721             7    020293
 49021.00      17.234             7    030293
 49022.00      17.730             7    040293
 49023.00      18.225             7    050293
 49024.00      18.803             7    060293
 49025.00      19.318             7    070293
 49042.00      -0.047             7    240293
 49043.00      -0.035             7    250293
 49044.00      -0.024             7    260293
 49045.00      -0.012             7    270293
 49046.00       0.000             7    280293
 49047.00       0.011             7    010393
 49048.00       0.023             7    020393
 49077.00       0.435             7    310393
 49078.00       0.449             7    010493
 49079.00       0.466             7    020493
 49080.00       0.484             7    030493
 49081.00       0.501             7    040493
 49082.00       0.750             7    050493
 49083.00       1.663             7    060493
 49084.00       1.776             7    070493
 49085.00       1.852             7    080493
 49086.00       1.966             7    090493
 49087.00       2.048             7    100493
 49088.00       2.148             7    110493
 49089.00       2.224             7    120493
 49090.00       2.296             7    130493
 49091.00       2.428             7    140493
 49092.00       2.527             7    150493
 49093.00       2.615             7    160493
 49111.00       4.085             7    040593
 49112.00       4.167             7    050593
 49113.00       4.278             7    060593
 49114.00       4.373             7    070593
 49138.00       1.783             7    310593
 49139.00       1.870             7    010693
 49140.00       1.951             7    020693
 49141.00       2.023             7    030693
 49142.00       2.095             7    040693
 49143.00       2.178             7    050693
 49144.00       2.264             7    060693
 49145.00       2.353             7    070693
 49146.00       2.434             7    080693
 49147.00       2.521             7    090693
 49148.00       2.594             7    100693
 49149.00       2.674             7    110693
 49150.00       2.742             7    120693
 49151.00       2.817             7    130693
 49152.00       2.902             7    140693
 49153.00       2.982             7    150693
 49154.00       3.056             7    160693
 49155.00       3.136             7    170693
 49156.00       3.216             7    180693
 49157.00       3.292             7    190693
 49158.00       3.379             7    200693
 49159.00       3.458             7    210693
 49160.00       3.549             7    220693
 49161.00       3.638             7    230693
 49162.00       3.714             7    240693
 49163.00       3.802             7    250693
 49164.00       3.903             7    260693
 49165.00       3.987             7    270693
 49166.00       4.056             7    280693
 49167.00       4.112             7    290693
 49168.00       4.187             7    300693
 49169.00       4.261             7    010793
 49170.00       4.346             7    020793
 49171.00       4.423             7    030793
 49172.00       4.513             7    040793
 49173.00       4.616             7    050793
 49174.00       4.702             7    060793
 49175.00       4.771             7    070793
 49176.00       4.848             7    080793
 49177.00       4.910             7    090793
 49178.00       4.989             7    100793
 49179.00       5.071             7    110793
 49180.00       5.169             7    120793
 49181.00       5.251             7    130793
 49182.00       5.342             7    140793
 49183.00       5.412             7    150793
 49184.00       5.508             7    160793
 49185.00       5.596             7    170793
 49186.00       5.681             7    180793
 49187.00       5.761             7    190793
 49188.00       5.863             7    200793
 49189.00       5.962             7    210793
 49190.00       6.090             7    220793
 49191.00       6.260             7    230793
 49192.00       6.365             7    240793
 49193.00       6.454             7    250793
 49194.00       6.527             7    260793
 49195.00       6.603             7    270793
 49196.00       6.694             7    280793
 49197.00       6.787             7    290793
 49198.00       6.869             7    300793
 49199.00       6.951             7    310793
 49215.00       8.504             7    160893
 49216.00       8.591             7    170893
 49217.00       8.675             7    180893
 49218.00       8.754             7    190893
 49219.00       8.834             7    200893
 49220.00       8.919             7    210893
 49221.00       9.004             7    220893
 49222.00       9.086             7    230893
 49223.00       9.168             7    240893
 49235.00      10.351             7    050993
 49236.00      10.445             7    060993
 49237.00      10.513             7    070993
 49238.00      10.593             7    080993
 49266.00       3.438             7    061093
 49267.00       3.496             7    071093
 49268.00       3.570             7    081093
 49269.00       3.630             7    091093
 49270.00       3.710             7    101093
 49271.00       3.794             7    111093
 49272.00       3.872             7    121093
 49273.00       3.958             7    131093
 49274.00       4.037             7    141093
 49275.00       4.119             7    151093
 49276.00       4.198             7    161093
 49277.00       4.276             7    171093
 49278.00       4.349             7    181093
 49279.00       4.419             7    191093
 49280.00       4.490             7    191093
 49285.00       4.918             7    251093
 49286.00       4.987             7    261093
 49287.00       5.061             7    261093
 49288.00       5.122             7    281093
 49289.00       5.191             7    291093
 49290.00       5.266             7    301093
 49291.00       5.344             7    311093
 49308.00       2.976             7    171193
 49309.00       3.076             7    181193
 49310.00       3.163             7    191193
 49311.00       3.236             7    201193
 49312.00       3.288             7    211193
 49313.00       3.353             7    221193
 49314.00       3.438             7    231193
 49315.00       3.529             7    241193
 49316.00       3.609             7    251193
 49317.00       3.700             7    261193
 49318.00       3.761             7    271193
 49319.00       3.834             7    281193
 49320.00       3.904             7    291193
 49321.00       3.974             7    301193
 49322.00       4.055             7    011293
 49323.00       4.180             7    021293
 49324.00       4.294             7    031293
 49325.00       4.366             7    041293
 49326.00       4.413             7    051293
 49327.00       4.489             7    061293
 49328.00       4.573             7    071293
 49329.00       4.639             7    081293
 49330.00       4.707             7    091293
 49331.00       4.357             7    101293
 49332.00       3.977             7    111293
 49333.00       3.590             7    121293
 49334.00       3.201             7    131293
 49335.00       5.956             7    141293
 49336.00       5.722             7    151293
 49337.00       5.552             7    161293
 49338.00       5.401             7    171293
 49339.00       5.254             7    181293
 49340.00       5.311             7    191293
 49341.00       5.351             7    201293
 49342.00       5.438             7    211293
 49343.00       5.495             7    221293
 49344.00       5.535             7    231293
 49345.00       5.632             7    241293
 49346.00       5.737             7    251293
 49347.00       5.785             7    261293
 49348.00       5.846             7    271293
 49349.00       5.935             7    281293
 49350.00       5.997             7    291293
 49351.00       6.046             7    301293
 49352.00       6.102             7    311293
 49353.00       6.033             7    010194
 49354.00       6.107             7    020194
 49355.00       6.186             7    030194
 49356.00       6.269             7    040194
 49357.00       6.330             7    050194
 49358.00       6.419             7    060194
 49359.00       6.497             7    070194
 49360.00       6.575             7    080194
 49361.00       6.619             7    090194
 49362.00       6.685             7    100194
 49363.00       6.757             7    110194
 49364.00       6.785             7    120194
 49365.00       6.870             7    130194
 49366.00       6.839             7    140194
 49367.00       6.713             7    150194
 49371.00       7.234             7    190194
 49372.00       7.221             7    200194
 49373.00       7.291             7    210194
 49374.00       7.355             7    220194
 49375.00       7.418             7    230194
 49376.00       7.390             7    240194
 49377.00       6.358             7    250194
 49384.00       8.041             7    010294
 49385.00       8.074             7    020294
 49386.00       8.127             7    030294
 49387.00       8.189             7    040294
 49388.00       8.248             7    050294
 49389.00       8.302             7    060294
 49390.00       8.342             7    070294
 49391.00       8.415             7    080294
 49392.00       8.461             7    090294
 49393.00       8.504             7    100294
 49403.00       9.080             7    200294
 49404.00       9.089             7    210294
 49405.00       9.123             7    220294
 49406.00       9.193             7    230294
 49413.00       0.605             7    020394
 49414.00       0.842             7    030394
 49415.00       1.083             7    040394
 49416.00       1.098             7    050394
 49417.00       1.139             7    060394
 49418.00       1.200             7    070394
 49419.00       1.338             7    080394
 49420.00       1.304             7    090394
 49421.00       1.342             7    100394
 49422.00       1.391             7    110394
 49451.00      -1.686             7    090494
 49452.00      -1.610             7    100494
 49453.00      -1.533             7    110494
 49454.00      -1.360             7    120494
 49455.00      -1.166             7    130494
 49456.00      -1.117             7    140494
 49457.00      -1.070             7    150494
 49458.00      -1.045             7    160494
 49459.00      -1.010             7    170494
 49460.00      -0.974             7    180494
 49473.00      -0.597             7    010594
 49474.00      -0.562             7    020594
 49475.00      -0.531             7    030594
 49476.00      -0.515             7    040594
 49477.00      -0.570             7    050594
 49478.00      -0.527             7    060594
 49479.00      -0.428             7    070594
 49480.00      -0.381             7    080594
 49481.00      -0.351             7    090594
 49482.00      -0.318             7    100594
 49483.00      -0.270             7    110594
 49484.00      -0.251             7    120594
 49485.00      -0.226             7    130594
 49486.00      -0.201             7    140594
 49487.00      -0.169             7    150594
 49488.00      -0.139             7    160594
 49489.00      -0.113             7    170594
 49490.00      -0.089             7    180594
 49491.00      -0.053             7    190594
 49492.00      -0.028             7    200594
 49515.00       1.195             7    120694
 49516.00       1.227             7    130694
 49517.00       1.259             7    140694
 49518.00       1.289             7    150694
 49519.00       1.318             7    160694
 49520.00       1.283             7    170694
 49522.00       1.457             7    190694
 49523.00       1.442             7    200694
 49524.00       1.436             7    210694
 49525.00       1.456             7    220694
 49526.00       1.469             7    230694
 49527.00       1.565             7    240694
 49528.00       1.602             7    250694
 49529.00       1.633             7    260694
 49530.00       1.665             7    270694
 49531.00       1.693             7    280694
 49532.00       1.726             7    290694
 49533.00       1.764             7    300694
 49534.00       1.796             7    010794
 49535.00       1.828             7    020794
 49536.00       1.861             7    030794
 49537.00       1.892             7    040794
 49538.00       1.919             7    050794
 49539.00       1.957             7    060794
 49540.00       1.979             7    070794
 49541.00       2.005             7    080794
 49542.00       2.042             7    090794
 49543.00       2.081             7    100794
 49544.00       2.123             7    110794
 49545.00       2.171             7    120794
 49556.00       2.770             7    230794
 49557.00       2.794             7    240794
 49558.00       2.802             7    250794
 49559.00       2.858             7    260794
 49560.00       2.892             7    270794
 49561.00       2.935             7    280794
 49562.00       2.963             7    290794
 49563.00       2.990             7    300794
 49564.00       3.037             7    310794
 49565.00       3.080             7    010894
 49566.00       3.119             7    020894
 49567.00       3.160             7    030894
 49568.00       3.197             7    040894
 49569.00       3.236             7    050894
 49570.00       3.275             7    060894
 49571.00       3.317             7    070894
 49572.00       3.364             7    080894
 49573.00       3.399             7    090894
 49574.00       3.442             7    100894
 49575.00       3.483             7    110894
 49576.00       3.515             7    120894
 49577.00       3.574             7    130894
 49578.00       3.605             7    140894
 49579.00       3.644             7    150894
 49580.00       3.689             7    160894
 49588.00       4.006             7    240894
 49589.00       4.069             7    250894
 49590.00       4.112             7    260894
 49591.00       4.150             7    270894
 49601.00      -2.378             7    060994
 49602.00      -2.356             7    070994
 49603.00      -2.315             7    080994
 49604.00      -2.259             7    090994
 49605.00      -2.219             7    100994
 49606.00      -2.181             7    110994
 49607.00      -2.151             7    120994
 49608.00      -2.096             7    130994
 49609.00      -2.054             7    140994
 49610.00      -2.019             7    150994
 49611.00      -1.989             7    160994
 49613.00      -1.896             7    180994
 49614.00      -1.862             7    190994
 49615.00      -1.817             7    200994
 49616.00      -1.780             7    210994
 49617.00      -1.751             7    220994
 49618.00      -1.456             7    230994
 49619.00      -0.946             7    240994
 49620.00      -0.994             7    250994
 49621.00      -1.046             7    260994
 49622.00      -1.095             7    270994
 49623.00      -1.145             7    280994
 49624.00      -1.194             7    290994
 49625.00      -1.247             7    300994
 49640.00      -0.853             7    151094
 49641.00      -0.816             7    161094
 49642.00      -0.779             7    171094
 49643.00      -0.711             7    181094
 49644.00      -0.667             7    191094
 49645.00      -0.626             7    201094
 49646.00      -0.591             7    211094
 49647.00      -0.548             7    211094
 49697.00      -4.884             7    111294
 49698.00      -5.103             7    121294
 49699.00      -5.285             7    131294
 49700.00      -5.478             7    141294
 49701.00      -5.645             7    151294
 49702.00      -5.841             7    161294
 49703.00      -6.038             7    171294
 49704.00      -6.208             7    181294
 49705.00      -6.366             7    191294
 49706.00      -6.562             7    201294
 49707.00      -6.745             7    211294
 49708.00      -6.896             7    221294
 49709.00      -7.061             7    231294
 49710.00      -7.241             7    241294
 49711.00      -7.426             7    241294
 49726.00     -10.041             7    090195
 49727.00     -10.263             7    100195
 49728.00     -10.445             7    110195
 49729.00     -10.631             7    120195
 49730.00     -10.803             7    130195
 49731.00     -10.947             7    140195
 49732.00     -11.097             7    150195
 49733.00     -10.247             7    160195
 49734.00     -10.387             7    170195
 49735.00     -11.535             7    180195
 49736.00     -11.713             7    190195
 49737.00     -11.871             7    200195
 49738.00     -12.046             7    210195
 49739.00     -12.225             7    220195
 49740.00     -12.389             7    230195
 49760.00     -15.290             7    120295
 49761.00     -15.486             7    130295
 49762.00     -15.639             7    140295
 49763.00     -15.795             7    150295
 49764.00     -15.934             7    160295
 49765.00     -16.093             7    170295
 49766.00     -16.255             7    170295
 49784.00     -18.939             7    080395
 49785.00     -19.111             7    090395
 49786.00     -19.268             7    100395
 49787.00     -19.423             7    110395
 49788.00     -19.588             7    120395
 49789.00     -19.755             7    130395
 49790.00     -19.908             7    140395
 49791.00     -20.064             7    140395
 49816.00      -0.036             7    090495
 49817.00      -0.031             7    100495
 49818.00       0.009             7    110495
 49819.00       0.050             7    120495
 49820.00       0.088             7    130495
 49821.00       0.133             7    140495
 49841.00       1.664             7    040595
 49842.00       1.713             7    050595
 49843.00       1.749             7    060595
 49844.00       1.785             7    070595
 49845.00       1.817             7    080595
 49846.00       1.845             7    090595
 49865.00       3.189             7    280595
 49866.00       3.240             7    290595
 49867.00       3.291             7    300595
 49868.00       3.504             7    310595
 49869.00       3.827             7    010695
 49870.00       3.884             7    020695
 49871.00       3.929             7    030695
 49878.00       4.280             7    100695
 49879.00       4.332             7    110695
 49880.00       4.361             7    120695
 49881.00       4.395             7    130695
 49882.00       4.425             7    140695
 49883.00       4.455             7    150695
 49884.00       4.485             7    160695
 49885.00       4.518             7    170695
 49886.00       4.549             7    180695
 49887.00       4.586             7    190695
 49888.00       4.618             7    200695
 49889.00       4.672             7    210695
 49890.00       4.933             7    220695
 49891.00       4.978             7    230695
 49892.00       5.031             7    240695
 49909.00       2.505             7    110795
 49910.00       2.675             7    120795
 49911.00       2.862             7    130795
 49912.00       3.006             7    140795
 49913.00       3.106             7    150795
 49914.00       3.237             7    160795
 49915.00       3.374             7    170795
 49916.00       3.470             7    180795
 49917.00       3.614             7    190795
 49918.00       3.747             7    200795
 49919.00       3.839             7    210795
 49920.00       3.932             7    220795
 49921.00       4.045             7    230795
 49922.00       4.180             7    240795
 49923.00       4.330             7    250795
 49924.00       4.480             7    260795
 49934.00      -2.385             7    050895
 49935.00      -2.433             7    060895
 49936.00      -2.456             7    070895
 49937.00      -2.474             7    080895
 49938.00      -2.501             7    090895
 49939.00      -2.515             7    100895
 49940.00      -2.529             7    110895
 49952.00      -2.494             7    230895
 49953.00      -2.562             7    240895
 49954.00      -2.623             7    250895
 49955.00      -2.697             7    260895
 49956.00      -2.784             7    270895
 49957.00      -2.852             7    280895
 49958.00      -2.935             7    290895
 49959.00      -3.021             7    290895
 49958.00      -2.922             7    290895
 49977.00       1.027             7    170995
 49978.00       1.091             7    180995
 49979.00       1.151             7    190995
 49980.00       1.207             7    200995
 49981.00       1.271             7    210995
 49982.00       1.368             7    220995
 49983.00       1.463             7    230995
 49984.00       1.597             7    240995
 49985.00       1.757             7    250995
 49986.00       1.930             7    260995
 49987.00       2.117             7    270995
 49988.00       2.270             7    280995
 49989.00       2.379             7    290995
 49990.00       2.414             7    300995
 49991.00       2.471             7    011095
 49992.00       2.566             7    021095
 49993.00       2.648             7    031095
 49994.00       2.717             7    041095
 49995.00       2.775             7    041095
 50014.00       2.655             7    241095
 50015.00       2.626             7    251095
 50016.00       2.605             7    261095
 50017.00       2.636             7    271095
 50018.00       2.675             7    281095
 50019.00       2.661             7    291095
 50020.00       2.553             7    301095
 50021.00       2.444             7    311095
 50022.00       2.365             7    011195
 50023.00       2.382             7    021195
 50024.00       2.436             7    031195
 50025.00       2.390             7    041195
 50026.00       2.331             7    051195
 50027.00       2.303             7    061195
 50113.00       2.605             7    310196
 50114.00       2.629             7    010296
 50115.00       2.640             7    020296
 50116.00       2.640             7    030296
 50117.00       2.653             7    040296
 50118.00       2.667             7    050296
 50141.00       3.829             7    280296
 50142.00       3.837             7    290296
 50143.00       3.862             7    010396
 50144.00       3.882             7    020396
 50145.00       3.908             7    030396
 50146.00       3.956             7    040396
 50190.00       0.784             7    170496
 50191.00       0.796             7    180496
 50192.00       0.807             7    190496
 50193.00       0.806             7    200496
 50194.00       0.808             7    210496
 50195.00       0.824             7    220496
 50196.00       0.862             7    230496
 50197.00       0.902             7    240496
 50198.00       0.931             7    250496
 50199.00       0.957             7    260496
 50200.00       1.009             7    270496
 50201.00       1.044             7    280496
 50202.00       1.083             7    290496
 50203.00       1.133             7    300496
 50204.00       1.182             7    010596
 50205.00       1.207             7    020596
 50206.00       1.070             7    030596
 50207.00       1.269             7    040596
 50208.00       1.757             7    050596
 50209.00       1.507             7    060596
 50210.00       1.460             7    060596
 50213.00       1.595             7    100596
 50214.00       1.635             7    110596
 50215.00       1.672             7    120596
 50216.00       1.708             7    130596
 50239.00       2.284             7    050696
 50240.00       2.290             7    060696
 50241.00       2.295             7    070696
 50242.00       2.293             7    080696
 50243.00       2.288             7    090696
 50244.00       2.291             7    100696
 50245.00       2.296             7    110696
 50246.00       2.298             7    120696
 50247.00       2.304             7    130696
 50248.00       2.305             7    140696
 50249.00       2.300             7    150696
 50264.00       2.301             7    300696
 50265.00       2.272             7    010796
 50266.00       2.254             7    020796
 50267.00       2.239             7    030796
 50268.00       2.224             7    040796
 50269.00       2.230             7    050796
 50270.00       2.218             7    060796
 50271.00       2.202             7    070796
 50272.00       2.437             7    080796
 50273.00       2.677             7    090796
 50274.00       2.672             7    100796
 50275.00       2.662             7    110796
 50293.00       0.151             7    290796
 50294.00       0.131             7    300796
 50295.00       0.126             7    310796
 50296.00       0.113             7    010896
 50297.00      -0.181             7    020896
 50314.00      -1.090             7    190896
 50315.00      -1.001             7    200896
 50316.00      -0.506             7    210896
 50317.00      -0.390             7    220896
 50318.00      -0.329             7    230896
 50319.00      -0.047             7    240896
 50320.00      -0.025             7    250896
 50321.00       0.173             7    260896
 50322.00       0.429             7    270896
 50323.00       1.025             7    280896
 50324.00       1.277             7    290896
 50325.00       0.501             7    300896
 50326.00      -0.611             7    310896
 50327.00      -0.410             7    010996
 50328.00      -0.369             7    020996
 50329.00      -0.409             7    030996
 50330.00      -0.215             7    040996
 50331.00      -0.057             7    050996
 50332.00      -0.592             7    060996
 50333.00      -1.566             7    070996
 50334.00      -1.873             7    080996
 50339.00      -2.242             7    130996
 50340.00      -1.845             7    140996
 50341.00      -1.428             7    150996
 50342.00      -1.163             7    160996
 50343.00      -1.328             7    170996
 50344.00      -1.793             7    170996
 50354.00      -2.108             7    280996
 50355.00      -2.124             7    290996
 50356.00      -2.144             7    300996
 50357.00      -2.160             7    011096
 50358.00      -2.168             7    021096
 50359.00      -2.184             7    031096
 50360.00      -2.198             7    041096
 50361.00      -2.205             7    051096
 50362.00      -2.197             7    061096
 50363.00      -2.224             7    071096
 50364.00      -2.237             7    081096
 50365.00      -2.250             7    091096
 50395.00       0.676             7    081196
 50396.00       0.670             7    091196
 50397.00       0.678             7    101196
 50398.00       0.715             7    111196
 50399.00       0.756             7    121196
 50400.00       0.768             7    131196
 50401.00       0.822             7    141196
 50402.00       0.849             7    151196
 50421.00       1.473             7    041296
 50422.00       1.467             7    051296
 50423.00       1.522             7    061296
 50424.00       1.567             7    071296
 50425.00       1.564             7    081296
 50426.00       1.584             7    091296
 50427.00       1.623             7    101296
 50431.00       1.768             7    141296
 50432.00       1.779             7    151296
 50433.00       1.811             7    161296
 50434.00       1.852             7    171296
 50435.00       1.869             7    181296
 50456.00       2.526             7    080197
 50457.00       2.538             7    090197
 50458.00       2.570             7    100197
 50459.00       2.603             7    110197
 50460.00       2.623             7    120197
 50461.00       2.648             7    130197
 50462.00       2.669             7    140197
 50463.00       2.713             7    150197
 50464.00       2.747             7    160197
 50465.00       2.765             7    170197
 50466.00       2.797             7    180197
 50467.00       2.830             7    190197
 50468.00       2.848             7    200197
 50469.00       2.850             7    210197
 50492.00       0.348             7    130297
 50493.00       0.310             7    140297
 50494.00       0.302             7    150297
 50495.00       0.284             7    160297
 50496.00       0.311             7    170297
 50497.00       0.293             7    180297
 50498.00       0.286             7    190297
 50499.00       0.280             7    200297
 50500.00       0.290             7    210297
 50501.00       0.298             7    220297
 50502.00       0.290             7    230297
 50503.00       0.304             7    240297
 50529.00       0.320             7    220397
 50530.00       0.279             7    230397
 50531.00       0.266             7    240397
 50532.00       0.269             7    250397
 50533.00       0.277             7    260397
 50534.00       0.271             7    270397
 50535.00       0.259             7    280397
 50536.00       0.273             7    290397
 50537.00       0.259             7    300397
 50538.00       0.261             7    310397
 50539.00       0.256             7    010497
 50540.00       0.241             7    020497
 50543.00       0.278             7    050497
 50544.00       0.254             7    060497
 50545.00       0.233             7    070497
 50546.00       0.224             7    080497
 50547.00       0.227             7    090497
 50548.00       0.223             7    100497
 50549.00       0.224             7    110497
 50550.00       0.227             7    120497
 50551.00       0.222             7    130497
 50552.00       0.207             7    140497
 50553.00       0.215             7    150497
 50554.00       0.216             7    160497
 50555.00       0.200             7    170497
 50556.00       0.189             7    180497
 50557.00       0.200             7    190497
 50558.00       0.176             7    200497
 50559.00       0.176             7    210497
 50560.00       0.174             7    220497
 50561.00       0.176             7    230497
 50562.00       0.163             7    240497
 50563.00       0.174             7    250497
 50564.00       0.170             7    260497
 50565.00       0.163             7    270497
 50566.00       0.159             7    280497
 50567.00       0.155             7    290497
 50568.00       0.145             7    300497
 50569.00       0.148             7    010597
 50570.00       0.073             7    020597
 50571.00       0.073             7    030597
 50572.00       0.073             7    040597
 50573.00       0.069             7    050597
 50574.00       0.067             7    060597
 50575.00       0.069             7    070597
 50576.00       0.046             7    080597
 50577.00       0.039             7    090597
 50578.00       0.041             7    100597
 50579.00       0.038             7    110597
 50580.00       0.031             7    120597
 50581.00       0.026             7    130597
 50582.00       0.017             7    140597
 50583.00       0.013             7    150597
 50584.00       0.024             7    160597
 50585.00       0.036             7    170597
 50586.00       0.028             7    180597
 50587.00       0.023             7    190597
 50588.00       0.017             7    200597
 50589.00       0.019             7    210597
 50590.00       0.018             7    220597
 50591.00       0.013             7    230597
 50592.00       0.006             7    240597
 50593.00       0.004             7    250597
 50594.00       0.000             7    260597
 50595.00       0.007             7    270597
 50596.00       0.003             7    280597
 50597.00      -0.013             7    290597
 50598.00      -0.018             7    300597
 50599.00      -0.027             7    310597
 50600.00      -0.029             7    010697
 50601.00      -0.032             7    020697
 50602.00      -0.036             7    030697
 50603.00      -0.038             7    040697
 50604.00      -0.031             7    050697
 50605.00      -0.029             7    060697
 50606.00      -0.050             7    070697
 50607.00      -0.055             7    080697
 50608.00      -0.059             7    090697
 50609.00      -0.071             7    100697
 50610.00      -0.074             7    110697
 50611.00      -0.079             7    120697
 50612.00      -0.077             7    130697
 50613.00      -0.089             7    140697
 50614.00       0.065             7    150697
 50615.00       0.059             7    160697
 50616.00       0.059             7    170697
 50617.00       0.051             7    180697
 50619.00       0.053             7    200697
 50620.00      -0.163             7    210697
 50621.00      -0.161             7    220697
 50622.00      -0.166             7    230697
 50623.00      -0.171             7    240697
 50624.00      -0.168             7    250697
 50625.00      -0.009             7    260697
 50626.00      -0.005             7    270697
 50627.00      -0.021             7    280697
 50628.00      -0.025             7    290697
 50629.00      -0.038             7    300697
 50630.00      -0.054             7    010797
 50631.00      -0.060             7    020797
 50632.00      -0.075             7    030797
 50633.00      -0.082             7    040797
 50634.00      -0.087             7    050797
 50635.00      -0.097             7    060797
 50636.00      -0.108             7    070797
 50637.00      -0.121             7    080797
 50638.00      -0.130             7    090797
 50639.00      -0.142             7    100797
 50640.00      -0.152             7    110797
 50641.00      -0.161             7    120797
 50642.00      -0.176             7    130797
 50643.00      -0.178             7    140797
 50644.00      -0.205             7    150797
 50645.00      -0.210             7    160797
 50646.00      -0.223             7    170797
 50647.00      -0.239             7    180797
 50648.00      -0.241             7    190797
 50662.00      -0.291             7    020897
 50663.00      -0.296             7    030897
 50664.00      -0.298             7    040897
 50665.00      -0.300             7    050897
 50666.00      -0.308             7    060897
 50667.00      -0.294             7    070897
 50668.00      -0.303             7    080897
 50669.00      -0.295             7    090897
 50670.00      -0.299             7    100897
 50671.00      -0.302             7    110897
 50677.00      -0.285             7    170897
 50678.00      -0.287             7    180897
 50679.00      -0.278             7    190897
 50680.00      -0.280             7    200897
 50681.00      -0.272             7    210897
 50682.00      -0.273             7    220897
 50683.00      -0.279             7    230897
 50684.00      -0.278             7    240897
 50685.00      -0.270             7    250897
 50686.00      -0.265             7    260897
 50687.00      -0.264             7    270897
 50688.00      -0.257             7    280897
 50689.00      -0.263             7    290897
 50690.00      -0.270             7    300897
 50691.00      -0.253             7    310897
 50692.00      -0.234             7    010997
 50693.00      -0.230             7    020997
 50694.00      -0.238             7    030997
 50695.00      -0.234             7    040997
 50696.00      -0.234             7    050997
 50697.00      -0.229             7    060997
 50698.00      -0.226             7    070997
 50699.00      -0.218             7    080997
 50700.00      -0.215             7    090997
 50701.00      -0.216             7    100997
 50702.00      -0.216             7    110997
 50703.00      -0.218             7    120997
 50704.00      -0.225             7    130997
 50705.00      -0.233             7    140997
 50706.00      -0.222             7    150997
 50707.00      -0.239             7    160997
 50708.00      -0.249             7    170997
 50709.00      -0.257             7    180997
 50710.00      -0.252             7    190997
 50711.00      -0.260             7    200997
 50713.00      -0.289             7    220997
 50714.00      -0.295             7    230997
 50715.00      -0.290             7    240997
 50720.00       0.243             7    290997
 50721.00       0.405             7    300997
 50722.00       0.603             7    011097
 50723.00       0.241             7    021097
 50728.00       0.291             7    071097
 50729.00       0.293             7    081097
 50730.00       0.294             7    091097
 50731.00       0.290             7    101097
 50737.00       0.346             7    161097
 50738.00       0.331             7    171097
 50739.00       0.338             7    181097
 50740.00       0.349             7    191097
 50741.00       0.363             7    201097
 50742.00       0.371             7    211097
 50743.00       0.383             7    221097
 50744.00       0.390             7    231097
 50745.00       0.380             7    241097
 50746.00       0.382             7    251097
 50747.00       0.388             7    261097
 50748.00       0.395             7    271097
 50749.00       0.406             7    281097
 50750.00       0.429             7    291097
 50751.00       0.435             7    301097
 50776.00       0.264             7    241197
 50777.00       0.248             7    251197
 50778.00       0.243             7    261197
 50779.00       0.245             7    271197
 50780.00       0.297             7    281197
 50781.00       0.194             7    291197
 50782.00       0.200             7    301197
 50783.00       0.191             7    011297
 50784.00       0.188             7    021297
 50785.00       0.208             7    031297
 50786.00       0.224             7    041297
 50787.00       0.236             7    051297
 50788.00       0.255             7    061297
 50789.00       0.261             7    071297
 50790.00       0.267             7    081297
 50791.00       0.273             7    091297
 50792.00       0.236             7    101297
 50793.00       0.233             7    111297
 50794.00       0.234             7    121297
 50795.00       0.244             7    131297
 50796.00       0.268             7    141297
 50797.00       0.233             7    151297
 50798.00       0.232             7    161297
 50799.00       0.219             7    171297
 50800.00       0.254             7    181297
 50801.00       0.353             7    191297
 50802.00       0.330             7    201297
 50803.00       0.317             7    211297
 50804.00       0.339             7    221297
 50805.00       0.331             7    231297
 50806.00       0.347             7    241297
 50807.00       0.356             7    251297
 50808.00       0.340             7    261297
 50809.00       0.348             7    271297
 50810.00       0.373             7    281297
 50811.00       0.370             7    291297
 50812.00       0.361             7    301297
 50813.00       0.364             7    311297
 50814.00       0.373             7    010198
 50815.00       0.382             7    020198
 50816.00       0.384             7    030198
 50817.00       0.394             7    040198
 50818.00       0.418             7    050198
 50819.00       0.399             7    060198
 50820.00       0.398             7    070198
 50821.00       0.386             7    080198
 50822.00       0.398             7    090198
 50823.00       0.414             7    100198
 50824.00       0.412             7    110198
 50825.00       0.383             7    120198
 50826.00       0.377             7    130198
 50827.00       0.377             7    140198
 50827.25       0.717             7    150198
 50828.00       0.717             7    150198
 50829.00       0.696             7    160198
 50830.00       0.688             7    170198
 50831.00       0.720             7    180198
 50832.00       0.736             7    190198
 50833.00       0.727             7    200198
 50834.00       0.722             7    210198
 50835.00       0.702             7    220198
 50836.00       0.676             7    230198
 50837.00       0.712             7    240198
 50838.00       0.700             7    250198
 50839.00       0.660             7    260198
 50840.00       0.626             7    270198
 50844.00                  -0.681 7    310198
 50845.00                  -0.690 7    010298
 50846.00                  -0.686 7    020298
 50847.00                  -0.687 7    030298
 50848.00                  -0.687 7    040298
 50849.00                  -0.676 7    050298
 50850.00                  -0.679 7    060298
 50851.00                  -0.686 7    070298
 50852.00                  -0.693 7    080298
 50853.00                  -0.679 7    090298
 50854.00                  -0.670 7    100298
 50855.00                  -0.669 7    110298
 50856.00                  -0.655 7    120298
 50857.00                  -0.665 7    130298
 50858.00                  -0.667 7    140298
 50859.00                  -0.664 7    150298
 50860.00                  -0.654 7    160298
 50861.00                  -0.637 7    170298
 50862.00                  -0.630 7    180298
 50863.00                  -0.634 7    190298
 50864.00                  -0.620 7    200298
 50865.00                  -0.614 7    210298
 50866.00                  -0.609 7    220298
 50867.00                  -0.595 7    230298
 50868.00                  -0.609 7    240298
 50869.00                  -0.588 7    250298
 50870.00                  -0.582 7    260298
 50871.00                  -0.592 7    270298
 50872.00                  -0.574 7    280298
 50873.00                  -0.565 7    010398
 50874.00                  -0.551 7    020398
 50875.00                  -0.557 7    030398
 50876.00                  -0.567 7    040398
 50877.00                  -0.599 7    050398
 50878.00                  -0.537 7    060398
 50879.00                  -0.553 7    070398
 50880.00                  -0.559 7    080398
 50881.00                  -0.551 7    090398
 50882.00                  -0.563 7    100398
 50883.00                  -0.537 7    110398
 50884.00                  -0.538 7    120398
 50885.00                  -0.515 7    130398
 50886.00                  -0.507 7    140398
 50887.00                  -0.500 7    150398
 50888.00                  -0.494 7    160398
 50889.00                  -0.480 7    170398
 50890.00                  -0.461 7    180398
 50891.00                  -0.456 7    190398
 50892.00                  -0.449 7    200398
 50893.00                  -0.434 7    210398
 50894.00                  -0.408 7    220398
 50895.00                  -0.377 7    230398
 50896.00                  -0.347 7    240398
 50897.00                  -0.337 7    250398
 50898.00                  -0.326 7    260398
 50899.00                  -0.304 7    270398
 50900.00                  -0.279 7    280398
 50901.00                  -0.259 7    290398
 50902.00                  -0.256 7    300398
 50903.00                  -0.238 7    310398
 50904.00                  -0.204 7    010498
 50905.00                  -0.177 7    020498
 50906.00                  -0.152 7    030498
 50907.00                  -0.139 7    040498
 50908.00                  -0.102 7    050498
 50909.00                  -0.076 7    060498
 50910.00                  -0.055 7    070498
 50911.00                  -0.028 7    080498
 50912.00                  -0.004 7    090498
 50913.00                   0.034 7    100498
 50914.00                   0.045 7    110498
 50915.00                   0.071 7    120498
 50916.00                   0.088 7    130498
 50917.00                   0.111 7    140498
 50918.00                   0.146 7    150498
 50919.00                   0.175 7    160498
 50920.00                   0.198 7    170498
 50921.00                   0.215 7    180498
 50922.00                   0.244 7    190498
 50923.00                   0.273 7    200498
 50924.00                   0.290 7    210498
 50925.00                   0.324 7    220498
 50926.00                   0.342 7    230498
 50927.00                   0.373 7    240498
 50928.00                   0.400 7    250498
 50929.00                   0.411 7    260498
 50930.00                   0.431 7    270498
 50931.00                   0.453 7    280498
 50932.00                   0.487 7    290498
 50933.00                   0.516 7    300498
 50934.00                   0.541 7    010598
 50935.00                   0.566 7    020598
 50936.00                   0.580 7    030598
 50937.00                   0.608 7    040598
 50938.00                   0.645 7    050598
 50939.00                   0.673 7    060598
 50940.00                   0.707 7    070598
 50941.00                   0.731 7    080598
 50942.00                   0.752 7    090598
 50943.00                   0.773 7    100598
 50944.00                   0.804 7    110598
 50945.00                   0.819 7    120598
 50946.00                   0.916 7    130598
 50947.00                   0.882 7    140598
 50948.00                   0.908 7    150598
 50949.00                   0.942 7    160598
 50950.00                   0.979 7    170598
 50951.00                   1.001 7    180598
 50952.00                   1.000 7    190598
 50953.00                   1.040 7    200598
 50954.00                   1.044 7    210598
 50955.00                   1.054 7    220598
 50956.00                   1.067 7    230598
 50957.00                   1.075 7    240598
 50958.00                   1.105 7    250598
 50959.00                   1.119 7    260598
 50965.00                  -1.840 7    010698
 50966.00                  -0.590 7    020698
 50967.00                  -0.563 7    030698
 50968.00                  -0.471 7    040698
 50969.00                  -0.382 7    050698
 50970.00                  -0.296 7    060698
 50971.00                  -0.206 7    070698
 50972.00                  -0.113 7    080698
 50973.00                  -0.025 7    090698
 50974.00                   0.059 7    100698
 50975.00                   0.138 7    110698
 50976.00                   0.154 7    120698
 50977.00                   0.155 7    130698
 50978.00                   0.165 7    140698
 50979.00                   0.165 7    150698
 50980.00                   0.162 7    160698
 50981.00                   0.164 7    170698
 50982.00                   0.166 7    180698
 50983.00                   0.147 7    190698
 50984.00                   0.144 7    200698
 50985.00                   0.121 7    210698
 50986.00                   0.113 7    220698
 50987.00                   0.094 7    230698
 50988.00                   0.071 7    240698
 50989.00                   0.064 7    250698
 50990.00                   0.051 7    260698
 50991.00                   0.009 7    270698
 50992.00                  -0.042 7    280698
 50993.00                  -0.054 7    290698
 50994.00                  -0.087 7    300698
 50995.00                  -0.139 7    010798
 50996.00                  -0.164 7    020798
 50997.00                  -0.192 7    030798
 50998.00                  -0.234 7    040798
 50999.00                  -0.267 7    050798
 51000.00                  -0.298 7    060798
 51001.00                  -0.321 7    070798
 51002.00                  -0.358 7    080798
 51003.00                  -0.386 7    090798
 51004.00                  -0.408 7    100798
 51005.00                  -0.429 7    110798
 51006.00                  -0.442 7    120798
 51007.00                  -0.461 7    130798
 51008.00                  -0.475 7    140798
 51009.00                  -0.524 7    150798
 51010.00                  -0.559 7    160798
 51011.00                  -0.590 7    170798
 51012.00                  -0.632 7    180798
 51013.00                  -0.669 7    190798
 51014.00                  -0.714 7    200798
 51015.00                  -0.756 7    210798
 51016.00                  -0.793 7    220798
 51017.00                  -0.814 7    230798
 51018.00                  -0.844 7    240798
 51019.00                  -0.868 7    250798
 51020.00                  -0.904 7    260798
 51021.00                  -0.921 7    270798
 51022.00                  -0.938 7    280798
 51023.00                  -0.977 7    290798
 51024.00                  -0.992 7    300798
 51025.00                  -1.016 7    310798
 51026.00                  -1.048 7    010898
 51027.00                  -1.068 7    020898
 51028.00                  -1.099 7    030898
 51029.00                  -1.127 7    040898
 51030.00                  -1.155 7    050898
 51031.00                  -1.198 7    060898
 51032.00                  -1.232 7    070898
 51033.00                  -1.272 7    080898
 51034.00                  -1.316 7    090898
 51035.00                  -1.344 7    100898
 51036.00                  -1.383 7    110898
 51037.00                  -1.415 7    120898
 51038.00                  -1.449 7    130898
 51039.00                  -1.431 7    140898
 51040.00                  -1.512 7    150898
 51041.00                  -1.528 7    160898
 51042.00                  -1.571 7    170898
 51043.00                  -1.604 7    180898
 51044.00                  -1.632 7    190898
 51045.00                  -1.662 7    200898
 51046.00                  -1.710 7    210898
 51047.00                  -1.750 7    220898
 51048.00                  -1.798 7    230898
 51049.00                  -1.833 7    240898
 51050.00                  -1.870 7    250898
 51051.00                  -1.921 7    260898
 51052.00                  -1.967 7    270898
 51053.00                  -1.991 7    280898
 51054.00                  -2.024 7    290898
 51055.00                  -2.076 7    300898
 51056.00                  -2.114 7    310898
 51057.00                  -2.165 7    010998
 51058.00                  -2.202 7    020998
 51059.00                  -2.249 7    030998
 51060.00                  -2.297 7    040998
 51061.00                  -2.280 7    050998
 51062.00                  -2.546 7    060998
 51063.00                  -2.599 7    070998
 51064.00                  -2.613 7    080998
 51065.00                  -2.581 7    090998
 51066.00                  -2.584 7    100998
 51067.00                  -2.630 7    110998
 51068.00                  -2.677 7    120998
 51069.00                  -2.723 7    130998
 51070.00                  -2.777 7    140998
 51071.00                  -2.817 7    150998
 51072.00                  -2.862 7    160998
 51073.00                  -2.917 7    170998
 51074.00                  -2.965 7    180998
 51075.00                  -3.011 7    190998
 51076.00                  -3.049 7    200998
 51077.00                  -3.081 7    210998
 51078.00                  -3.114 7    220998
 51079.00                  -3.142 7    230998
 51080.00                  -3.161 7    240998
 51081.00                  -3.219 7    250998
 51082.00                  -3.252 7    260998
 51083.00                  -3.275 7    270998
 51084.00                  -3.303 7    280998
 51085.00                  -1.552 7    290998
 51086.00                   0.487 7    300998
 51087.00                   0.987 7    011098
 51088.00                   1.448 7    021098
 51089.00                   1.886 7    031098
 51090.00                   2.364 7    041098
 51091.00                   2.737 7    051098
 51092.00                   3.033 7    061098
 51093.00                   3.423 7    071098
 51094.00                   3.538 7    081098
 51095.00                   3.666 7    091098
 51096.00                   3.486 7    101098
 51097.00                   3.143 7    111098
 51098.00                   2.759 7    121098
 51099.00                   2.469 7    131098
 51100.00                   2.348 7    141098
 51101.00                   2.228 7    151098
 51102.00                   2.110 7    161098
 51103.00                   1.864 7    171098
 51104.00                   1.715 7    181098
 51105.00                   1.562 7    191098
 51106.00                   0.828 7    201098
 51107.00                  -0.050 7    211098
 51108.00                  -0.058 7    221098
 51109.00                  -0.054 7    231098
 51110.00                  -0.057 7    241098
 51111.00                  -0.052 7    251098
 51112.00                  -0.036 7    261098
 51113.00                  -0.040 7    271098
 51114.00                  -0.041 7    281098
 51115.00                  -0.033 7    291098
 51116.00                  -0.023 7    301098
 51117.00                  -0.012 7    311098
 51118.00                  -0.010 7    011198
 51119.00                  -2.220 7    021198
 51120.00                   0.040 7    031198
 51121.00                   0.035 7    041198
 51122.00                   0.131 7    051198
 51123.00                   0.148 7    061198
 51124.00                   0.180 7    071198
 51125.00                   0.206 7    081198
 51126.00                   0.214 7    091198
 51127.00                   0.231 7    101198
 51128.00                   0.253 7    111198
 51129.00                   0.280 7    121198
 51130.00                   0.290 7    131198
 51131.00                   0.314 7    141198
 51132.00                   0.344 7    151198
 51133.00                   0.364 7    161198
 51134.00                   0.377 7    171198
 51135.00                   0.407 7    181198
 51136.00                   0.430 7    191198
 51137.00                   0.468 7    201198
 51138.00                   0.502 7    211198
 51139.00                   0.522 7    221198
 51140.00                   0.541 7    231198
 51141.00                   0.549 7    241198
 51142.00                   0.553 7    251198
 51143.00                   0.548 7    261198
 51144.00                   0.572 7    271198
 51145.00                   0.574 7    281198
 51146.00                   0.576 7    291198
 51147.00                   0.590 7    301198
 51148.00                   0.600 7    011298
 51149.00                   0.599 7    021298
 51150.00                   0.614 7    031298
 51151.00                   0.622 7    041298
 51152.00                   0.631 7    051298
 51153.00                   0.639 7    061298
 51154.00                   0.658 7    071298
 51155.00                   0.661 7    081298
 51156.00                   0.651 7    091298
 51157.00                   0.706 7    101298
 51158.00                   0.686 7    111298
 51159.00                   0.712 7    121298
 51160.00                   0.722 7    131298
 51161.00                   0.729 7    141298
 51162.00                   0.743 7    151298
 51163.00                   0.771 7    161298
 51164.00                   0.772 7    171298
 51165.00                   0.789 7    181298
 51166.00                   0.809 7    191298
 51167.00                   0.830 7    201298
 51168.00                   0.849 7    211298
 51169.00                   0.863 7    221298
 51170.00                   0.875 7    231298
 51171.00                   0.897 7    241298
 51172.00                   0.912 7    251298
 51173.00                   0.929 7    261298
 51174.00                   0.957 7    271298
 51179.00                   1.040 7    010199
 51180.00                   1.064 7    020199
 51181.00                   1.081 7    030199
 51182.00                   1.096 7    040199
 51183.00                   1.123 7    050199
 51184.00                   1.159 7    060199
 51185.00                   1.190 7    070199
 51186.00                   1.224 7    080199
 51187.00                   1.239 7    090199
 51188.00                   1.264 7    100199
 51189.00                   1.281 7    110199
 51190.00                   1.302 7    120199
 51191.00                   1.315 7    130199
 51192.00                   1.329 7    140199
 51193.00                   1.413 7    150199
 51194.00                   1.547 7    160199
 51195.00                   1.460 7    170199
 51196.00                   1.425 7    180199
 51197.00                   1.493 7    190199
 51198.00                   1.503 7    200199
 51199.00                   1.453 7    210199
 51200.00                   1.848 7    220199
 51201.00                   1.818 7    230199
 51202.00                   1.889 7    240199
 51203.00                   1.912 7    250199
 51204.00                   1.813 7    260199
 51205.00                   1.720 7    270199
 51206.00                   1.772 7    280199
 51207.00                   1.780 7    290199
 51208.00                   1.784 7    300199
 51209.00                   1.815 7    310199
 51210.00                   1.777 7    010299
 51211.00                   1.806 7    020299
 51212.00                   1.836 7    030299
 51213.00                   1.868 7    040299
 51214.00                   1.887 7    050299
 51215.00                   1.918 7    060299
 51216.00                   1.958 7    070299
 51217.00                   1.978 7    080299
 51218.00                   1.997 7    090299
 51219.00                   2.026 7    100299
 51220.00                   2.048 7    110299
 51221.00                   2.088 7    120299
 51222.00                   2.110 7    130299
 51223.00                   2.131 7    140299
 51224.00                   2.153 7    150299
 51225.00                   2.185 7    160299
 51226.00                   2.205 7    170299
 51227.00                   2.238 7    180299
 51228.00                   2.259 7    190299
 51229.00                   2.230 7    200299
 51230.00                   2.274 7    210299
 51231.00                   2.303 7    220299
 51232.00                   2.333 7    230299
 51233.00                   1.517 7    240299
 51234.00                  -0.109 7    250299
 51235.00                  -0.088 7    260299
 51236.00                  -0.083 7    270299
 51237.00                  -0.175 7    280299
 51238.00                  -0.127 7    010399
 51239.00                  -0.136 7    020399
 51240.00                   0.116 7    030399
 51241.00                   0.193 7    040399
 51242.00                   0.182 7    050399
 51243.00                   0.238 7    060399
 51244.00                   0.250 7    070399
 51245.00                   0.278 7    080399
 51246.00                   0.296 7    090399
 51247.00                   0.318 7    100399
 51248.00                   0.345 7    110399
 51249.00                   0.371 7    120399
 51250.00                  -0.148 7    130399
 51251.00                  -0.101 7    140399
 51252.00                   0.058 7    150399
 51253.00                   0.089 7    160399
 51254.00                   0.053 7    170399
 51255.00                   0.009 7    180399
 51256.00                   0.030 7    190399
 51257.00                   0.051 7    200399
 51258.00                   0.062 7    210399
 51259.00                   0.083 7    220399
 51260.00                   0.119 7    230399
 51261.00                   0.124 7    240399
 51262.00                   0.145 7    250399
 51263.00                   0.174 7    260399
 51264.00                   0.203 7    270399
 51265.00                   0.248 7    280399
 51266.00                   0.131 7    290399
 51267.00                  -0.821 7    300399
 51268.00                  -0.945 7    310399
 51269.00                  -1.183 7    010499
 51270.00                  -1.192 7    020499
 51271.00                  -1.082 7    030499
 51272.00                  -0.966 7    040499
 51273.00                  -0.843 7    050499
 51274.00                  -0.844 7    060499
 51275.00                  -1.304 7    070499
 51276.00                  -1.237 7    080499
 51277.00                  -1.248 7    090499
 51278.00                  -1.155 7    100499
 51279.00                  -1.061 7    110499
 51280.00                  -1.270 7    120499
 51281.00                  -2.575 7    130499
 51282.00                  -3.391 7    140499
 51283.00                  -0.436 7    150499
 51284.00                  -0.303 7    160499
 51285.00                  -0.261 7    170499
 51286.00                  -0.118 7    180499
 51287.00                  -0.063 7    190499
 51288.00                   0.064 7    200499
 51289.00                  -0.025 7    210499
 51290.00                  -0.432 7    220499
 51291.00                  -0.260 7    230499
 51292.00                  -0.120 7    240499
 51293.00                  -0.058 7    250499
 51294.00                  -0.004 7    260499
 51295.00                   0.122 7    270499
 51296.00                   0.250 7    280499
 51297.00                   4.865 7    290499
 51298.00                   9.424 7    300499
 51299.00                   9.712 7    010599
 51300.00                   9.949 7    020599
 51301.00                  10.247 7    030599
 51302.00                  10.482 7    040599
 51303.00                  10.751 7    050599
 51304.00                  11.037 7    060599
 51305.00                  11.355 7    070599
 51306.00                  11.694 7    080599
 51307.00                  12.033 7    090599
 51308.00                  12.337 7    100599
 51309.00                  12.658 7    110599
 51310.00                  13.028 7    120599
 51311.00                  13.346 7    130599
 51312.00                  13.674 7    140599
 51313.00                  14.104 7    150599
 51314.00                  14.211 7    160599
 51315.00                  14.354 7    170599
 51316.00                  14.484 7    180599
 51317.00                  14.648 7    190599
 51318.00                  14.787 7    200599
 51319.00                  14.894 7    210599
 51320.00                  15.203 7    220599
 51321.00                  15.444 7    230599
 51322.00                   9.400 7    240599
 51323.00                   0.665 7    250599
 51324.00                   0.929 7    260599
 51325.00                   1.171 7    270599
 51326.00                   1.339 7    280599
 51327.00                   1.546 7    290599
 51328.00                   1.867 7    300599
 51329.00                   2.136 7    310599
 51330.00                   2.411 7    010699
 51331.00                   2.643 7    020699
 51332.00                   2.865 7    030699
 51333.00                   3.138 7    040699
 51334.00                   3.391 7    050699
 51335.00                   3.615 7    060699
 51336.00                   3.896 7    070699
 51337.00                   4.020 7    080699
 51338.00                   4.714 7    090699
 51339.00                   4.633 7    100699
 51340.00                   1.643 7    110699
 51341.00                   0.122 7    120699
 51342.00                  -0.169 7    130699
 51343.00                  -0.448 7    140699
 51344.00                  -0.746 7    150699
 51345.00                  -1.060 7    160699
 51346.00                  -1.348 7    170699
 51347.00                  -1.639 7    180699
 51348.00                  -1.952 7    190699
 51349.00                  -2.243 7    200699
 51350.00                  -2.486 7    210699
 51351.00                   0.785 7    220699
 51352.00                   0.706 7    230699
 51353.00                   0.671 7    240699
 51354.00                   0.744 7    250699
 51355.00                   0.834 7    260699
 51356.00                   0.849 7    270699
 51357.00                   0.705 7    280699
 51358.00                   0.714 7    290699
 51359.00                   0.656 7    300699
 51360.00                   0.714 7    010799
 51361.00                   0.062 7    020799
 51362.00                   0.130 7    030799
 51363.00                   0.194 7    040799
 51364.00                   0.354 7    050799
 51365.00                   0.477 7    060799
 51366.00                   0.609 7    070799
 51367.00                   0.754 7    080799
 51368.00                   0.871 7    090799
 51369.00                   0.986 7    100799
 51370.00                   1.120 7    110799
 51371.00                   1.272 7    120799
 51372.00                   1.380 7    130799
 51373.00                   1.498 7    140799
 51374.00                   1.622 7    150799
 51375.00                   1.753 7    160799
 51376.00                   1.872 7    170799
 51377.00                   1.992 7    180799
 51378.00                   2.111 7    190799
 51379.00                   2.230 7    200799
 51380.00                   2.354 7    210799
 51381.00                   2.476 7    220799
 51382.00                   2.596 7    230799
 51383.00                   2.727 7    240799
 51384.00                   2.861 7    250799
 51385.00                   2.977 7    260799
 51386.00                   3.111 7    270799
 51387.00                   3.227 7    280799
 51388.00                   3.347 7    290799
 51389.00                   3.482 7    300799
 51390.00                   3.516 7    310799
 51391.00                   3.526 7    010899
 51392.00                   3.438 7    020899
 51393.05                   3.5   7    030899
 51393.10                  -0.04  7    030899
 51394.00                  -0.020 7    040899
 51395.00                  -0.004 7    050899
 51396.00                   0.015 7    060899
 51397.00                   0.031 7    070899
 51398.00                   0.060 7    080899
 51399.00                   0.074 7    090899
 51400.00                  -0.088 7    100899
 51401.00                   0.000 7    110899
 51402.00                   0.029 7    120899
 51403.00                   0.048 7    130899
 51404.00                   0.069 7    140899
 51405.00                   0.072 7    150899
 51406.00                   0.095 7    160899
 51407.00                   0.122 7    170899
 51408.00                   0.156 7    180899
 51409.00                   0.176 7    190899
 51410.00                   0.195 7    200899
 51411.00                   0.206 7    210899
 51412.00                   0.228 7    220899
 51413.00                   0.234 7    230899
 51414.00                   0.244 7    240899
 51415.00                   0.261 7    250899
 51416.00                   0.274 7    260899
 51417.00                   0.285 7    270899
 51418.00                   0.309 7    280899
 51419.00                   0.327 7    290899
 51420.00                   0.345 7    300899
 51421.00                   0.350 7    310899
 51422.00                   0.387 7    010999
 51423.00                   0.399 7    020999
 51424.00                   0.411 7    030999
 51425.00                   0.431 7    040999
 51426.00                   0.453 7    050999
 51427.00                   0.467 7    060999
 51428.00                   0.487 7    070999
 51429.00                   0.499 7    080999
 51430.00                   0.514 7    090999
 51431.00                   0.553 7    100999
 51432.00                   0.556 7    110999
 51433.00                   0.566 7    120999
 51434.00                   0.580 7    130999
 51435.00                   0.574 7    140999
 51436.00                   0.595 7    150999
 51437.00                   0.608 7    160999
 51438.00                   0.627 7    170999
 51439.00                   0.629 7    180999
 51440.00                   0.634 7    190999
 51441.00                   0.653 7    200999
 51442.00                   0.667 7    210999
 51443.00                   0.673 7    220999
 51444.00                   0.677 7    230999
 51445.00                   0.689 7    240999
 51446.00                   0.703 7    250999
 51447.00                   0.721 7    260999
 51448.00                   0.722 7    270999
 51449.00                   0.730 7    280999
 51450.00                   0.738 7    290999
 51451.00                   0.752 7    300999
 51452.00                   0.766 7    011099
 51453.00                   0.768 7    021099
 51454.00                   0.781 7    031099
 51455.00                   0.799 7    041099
 51456.00                   0.811 7    051099
 51457.00                   0.837 7    061099
 51458.00                   0.839 7    071099
 51459.00                   0.841 7    081099
 51460.00                   0.848 7    091099
 51461.00                   0.851 7    101099
 51462.00                   0.869 7    111099
 51463.00                   0.876 7    121099
 51464.00                   0.877 7    131099
 51465.00                   0.884 7    141099
 51466.00                   0.898 7    151099
 51467.00                   0.902 7    161099
 51468.00                   0.915 7    171099
 51469.00                   0.932 7    181099
 51470.00                   0.944 7    191099
 51471.00                   0.950 7    201099
 51472.00                   0.960 7    211099
 51473.00                   0.986 7    221099
 51474.00                   1.000 7    231099
 51475.00                   1.000 7    241099
 51476.00                   1.000 7    251099
 51477.00                   1.000 7    261099
 51478.00                   1.067 7    271099
 51479.00                   1.097 7    281099
 51480.00                   1.125 7    291099
 51481.00                   1.120 7    301099
 51482.00                   1.139 7    311099
 51483.00                   1.164 7    011199
 51484.00                   1.174 7    021199
 51485.00                   1.171 7    031199
 51486.00                   1.178 7    041199
 51487.00                   1.194 7    051199
 51488.00                   1.214 7    061199
 51489.00                   1.235 7    071199
 51490.00                   1.253 7    081199
 51491.00                   1.271 7    091199
 51492.00                   1.290 7    101199
 51493.00                   1.300 7    111199
 51494.00                   1.321 7    121199
 51495.00                   1.343 7    131199
 51496.00                   1.375 7    141199
 51497.00                   1.393 7    151199
 51498.00                   1.395 7    161199
 51499.00                   1.430 7    171199
 51500.00                   1.451 7    181199
 51501.00                   1.469 7    191199
 51502.00                   1.477 7    201199
 51503.00                   1.496 7    211199
 51504.00                   1.533 7    221199
 51505.00                   1.531 7    231199
 51506.00                   1.550 7    241199
 51507.00                   1.560 7    251199
 51508.00                   1.566 7    261199
 51509.00                   1.578 7    271199
 60000.00                   0.0   7    999999
