   MJD       EECO-REF    NIST-REF NS     DATE     COMMENTS 
=========    ========    ======== ==   =========  ======== 
# beginning of time_gbt.dat downloaded from Green Bank 22 Aug 03
 51924.50       0.0         0.050 1    15-JAN-01 
 51925.50       0.0         0.060 1    16-JAN-01 
 51926.50       0.0         0.069 1    17-JAN-01 
 51927.50       0.0         0.072 1    18-JAN-01 
 51928.50       0.0         0.082 1    19-JAN-01 
 51929.50       0.0         0.090 1    20-JAN-01 
 51930.50       0.0         0.111 1    21-JAN-01 
 51931.50       0.0         0.116 1    22-JAN-01 
 51932.50       0.0         0.122 1    23-JAN-01 
 51933.50       0.0         0.131 1    24-JAN-01 
 51934.50       0.0         0.144 1    25-JAN-01 
 51935.50       0.0         0.158 1    26-JAN-01 
 51936.50       0.0         0.147 1    27-JAN-01 
 51937.50       0.0         0.163 1    28-JAN-01 
 51938.50       0.0         0.178 1    29-JAN-01 
 51939.50       0.0         0.178 1    30-JAN-01 
 51940.50       0.0         0.196 1    31-JAN-01 
 51941.50       0.0         0.203 1    01-FEB-01 
 51942.50       0.0         0.208 1    02-FEB-01 
 51943.50       0.0         0.214 1    03-FEB-01 
 51944.50       0.0         0.224 1    04-FEB-01 
 51945.50       0.0         0.234 1    05-FEB-01 
 51946.50       0.0         0.244 1    06-FEB-01 
 51947.50       0.0         0.256 1    07-FEB-01 
 51948.50       0.0         0.266 1    08-FEB-01 
 51949.50       0.0         0.266 1    09-FEB-01 
 51950.50       0.0         0.281 1    10-FEB-01 
 51951.50       0.0         0.293 1    11-FEB-01 
 51952.50       0.0         0.297 1    12-FEB-01 
 51953.50       0.0         0.315 1    13-FEB-01 
 51954.50       0.0         0.321 1    14-FEB-01 
 51955.50       0.0         0.320 1    15-FEB-01 
 51956.50       0.0         0.331 1    16-FEB-01 
 51957.50       0.0         0.334 1    17-FEB-01 
 51958.50       0.0         0.352 1    18-FEB-01 
 51959.50       0.0         0.357 1    19-FEB-01 
 51960.50       0.0         0.360 1    20-FEB-01 
 51961.50       0.0         0.374 1    21-FEB-01 
 51962.50       0.0         0.380 1    22-FEB-01 
 51963.50       0.0         0.387 1    23-FEB-01 
 51964.50       0.0         0.392 1    24-FEB-01 
 51965.50       0.0         0.396 1    25-FEB-01 
 51966.50       0.0         0.418 1    26-FEB-01 
 51967.50       0.0         0.414 1    27-FEB-01 
 51968.50       0.0         0.431 1    28-FEB-01 
 51969.50       0.0         0.433 1    01-MAR-01 
 51970.50       0.0         0.438 1    02-MAR-01 
 51971.50       0.0         0.448 1    03-MAR-01 
 51972.50       0.0         0.468 1    04-MAR-01 
 51973.50       0.0         0.469 1    05-MAR-01 
 51974.50       0.0         0.476 1    06-MAR-01 
 51975.50       0.0         0.485 1    07-MAR-01 
 51976.50       0.0         0.490 1    08-MAR-01 
 51977.50       0.0         0.491 1    09-MAR-01 
 51978.50       0.0         0.503 1    10-MAR-01 
 51979.50       0.0         0.513 1    11-MAR-01 
 51980.50       0.0         0.524 1    12-MAR-01 
 51981.50       0.0         0.532 1    13-MAR-01 
 51982.50       0.0         0.537 1    14-MAR-01 
 51983.50       0.0         0.550 1    15-MAR-01 
 51984.50       0.0         0.562 1    16-MAR-01 
 51985.50       0.0         0.576 1    17-MAR-01 
 51986.50       0.0         0.574 1    18-MAR-01 
 51987.50       0.0         0.586 1    19-MAR-01 
 51988.50       0.0         0.582 1    20-MAR-01 
 51989.50       0.0         0.588 1    21-MAR-01 
 51990.50       0.0         0.607 1    22-MAR-01 
 51991.50       0.0         0.613 1    23-MAR-01 
 51992.50       0.0         0.620 1    24-MAR-01 
 51993.50       0.0         0.635 1    25-MAR-01 
 51994.50       0.0         0.651 1    26-MAR-01 
 51995.50       0.0         0.662 1    27-MAR-01 
 51996.50       0.0         0.680 1    28-MAR-01 
 51997.50       0.0         0.680 1    29-MAR-01 
 51998.50       0.0         0.684 1    30-MAR-01 
 51999.50       0.0         0.694 1    31-MAR-01 
 52000.50       0.0         0.706 1    01-APR-01 
 52001.50       0.0         0.710 1    02-APR-01 
 52002.50       0.0         0.729 1    03-APR-01 
 52003.50       0.0         0.734 1    04-APR-01 
 52004.50       0.0         0.738 1    05-APR-01 
 52005.50       0.0         0.748 1    06-APR-01 
 52006.50       0.0         0.761 1    07-APR-01 
 52007.50       0.0         0.771 1    08-APR-01 
 52008.50       0.0         0.779 1    09-APR-01 
 52009.50       0.0         0.795 1    10-APR-01 
 52010.50       0.0         0.803 1    11-APR-01 
 52011.50       0.0         0.791 1    12-APR-01 
 52012.50       0.0         0.809 1    13-APR-01 
 52013.50       0.0         0.809 1    14-APR-01 
 52014.50       0.0         0.828 1    15-APR-01 
 52015.50       0.0         0.838 1    16-APR-01 
 52016.50       0.0         0.853 1    17-APR-01 
 52017.50       0.0         0.854 1    18-APR-01 
 52018.50       0.0         0.882 1    19-APR-01 
 52019.50       0.0         0.878 1    20-APR-01 
 52020.50       0.0         0.878 1    21-APR-01 
 52021.50       0.0         0.889 1    22-APR-01 
 52022.50       0.0         0.893 1    23-APR-01 
 52023.50       0.0         0.904 1    24-APR-01 
 52024.50       0.0         0.917 1    25-APR-01 
 52025.50       0.0         0.930 1    26-APR-01 
 52026.50       0.0         0.932 1    27-APR-01 
 52027.50       0.0         0.938 1    28-APR-01 
 52028.50       0.0         0.945 1    29-APR-01 
 52029.50       0.0         0.963 1    30-APR-01 
 52030.50       0.0         0.971 1    01-MAY-01 
 52031.50       0.0         0.986 1    02-MAY-01 
 52032.50       0.0         0.987 1    03-MAY-01 
 52033.50       0.0         0.996 1    04-MAY-01 
 52034.50       0.0         1.002 1    05-MAY-01 
 52035.50       0.0         1.018 1    06-MAY-01 
 52036.50       0.0         1.024 1    07-MAY-01 
 52037.50       0.0         1.027 1    08-MAY-01 
 52038.50       0.0         1.038 1    09-MAY-01 
 52039.50       0.0         1.050 1    10-MAY-01 
 52040.50       0.0         1.061 1    11-MAY-01 
 52041.50       0.0         1.070 1    12-MAY-01 
 52042.50       0.0         1.078 1    13-MAY-01 
 52043.50       0.0         1.093 1    14-MAY-01 
 52044.50       0.0         1.097 1    15-MAY-01 
 52045.50       0.0         1.115 1    16-MAY-01 
 52046.50       0.0         1.125 1    17-MAY-01 
 52047.50       0.0         1.127 1    18-MAY-01 
 52048.50       0.0         1.143 1    19-MAY-01 
 52049.50       0.0         1.143 1    20-MAY-01 
 52050.50       0.0         1.153 1    21-MAY-01 
 52051.50       0.0         1.169 1    22-MAY-01 
 52052.50       0.0         1.173 1    23-MAY-01 
 52053.50       0.0         1.179 1    24-MAY-01 
 52054.50       0.0         1.183 1    25-MAY-01 
 52055.50       0.0         1.183 1    26-MAY-01 
 52056.50       0.0         1.204 1    27-MAY-01 
 52057.50       0.0         1.213 1    28-MAY-01 
 52058.50       0.0         1.208 1    29-MAY-01 
 52059.50       0.0         1.225 1    30-MAY-01 
 52060.50       0.0         1.244 1    31-MAY-01 
 52061.50       0.0         1.251 1    01-JUN-01 
 52062.50       0.0         1.250 1    02-JUN-01 
 52063.50       0.0         1.252 1    03-JUN-01 
 52064.50       0.0         1.262 1    04-JUN-01 
 52065.50       0.0         1.280 1    05-JUN-01 
 52066.50       0.0         1.284 1    06-JUN-01 
 52067.50       0.0         1.296 1    07-JUN-01 
 52068.50       0.0         1.302 1    08-JUN-01 
 52069.50       0.0         1.310 1    09-JUN-01 
 52070.50       0.0         1.306 1    10-JUN-01 
 52071.50       0.0         1.321 1    11-JUN-01 
 52072.50       0.0         1.332 1    12-JUN-01 
 52073.50       0.0         1.348 1    13-JUN-01 
 52074.50       0.0         1.360 1    14-JUN-01 
 52075.50       0.0         1.355 1    15-JUN-01 
 52076.50       0.0         1.364 1    16-JUN-01 
 52077.50       0.0         1.371 1    17-JUN-01 
 52078.50       0.0         1.383 1    18-JUN-01 
 52079.50       0.0         1.389 1    19-JUN-01 
 52080.50       0.0         1.401 1    20-JUN-01 
 52081.50       0.0         1.414 1    21-JUN-01 
 52082.50       0.0         1.421 1    22-JUN-01 
 52083.50       0.0         1.438 1    23-JUN-01 
 52084.50       0.0         1.433 1    24-JUN-01 
 52085.50       0.0         1.453 1    25-JUN-01 
 52086.50       0.0         1.453 1    26-JUN-01 
 52087.50       0.0         1.465 1    27-JUN-01 
 52088.50       0.0         1.476 1    28-JUN-01 
 52089.50       0.0         1.484 1    29-JUN-01 
 52090.50       0.0         1.500 1    30-JUN-01 
 52091.50       0.0         1.504 1    01-JUL-01 
 52092.50       0.0         1.512 1    02-JUL-01 
 52093.50       0.0         1.522 1    03-JUL-01 
 52094.50       0.0         1.522 1    04-JUL-01 
 52095.50       0.0         1.533 1    05-JUL-01 
 52096.50       0.0         1.548 1    06-JUL-01 
 52097.50       0.0         1.555 1    07-JUL-01 
 52098.50       0.0         1.568 1    08-JUL-01 
 52099.50       0.0         1.574 1    09-JUL-01 
 52100.50       0.0         1.595 1    10-JUL-01 
 52101.50       0.0         1.595 1    11-JUL-01 
 52102.50       0.0         1.601 1    12-JUL-01 
 52103.50       0.0         1.609 1    13-JUL-01 
 52104.50       0.0         1.607 1    14-JUL-01 
 52105.50       0.0         1.623 1    15-JUL-01 
 52106.50       0.0         1.627 1    16-JUL-01 
 52107.50       0.0         1.637 1    17-JUL-01 
 52108.50       0.0         1.651 1    18-JUL-01 
 52109.50       0.0         1.653 1    19-JUL-01 
 52110.50       0.0         1.661 1    20-JUL-01 
 52111.50       0.0         1.675 1    21-JUL-01 
 52112.50       0.0         1.681 1    22-JUL-01 
 52113.50       0.0         1.689 1    23-JUL-01 
 52114.50       0.0         1.699 1    24-JUL-01 
 52115.50       0.0         1.708 1    25-JUL-01 
 52116.50       0.0         1.726 1    26-JUL-01 
 52117.50       0.0         1.726 1    27-JUL-01 
 52118.50       0.0         1.735 1    28-JUL-01 
 52119.50       0.0         1.740 1    29-JUL-01 
 52120.50       0.0         1.746 1    30-JUL-01 
 52121.50       0.0         1.782 1    31-JUL-01 
 52122.50       0.0         1.772 1    01-AUG-01 
 52123.50       0.0         1.770 1    02-AUG-01 
 52124.50       0.0         1.784 1    03-AUG-01 
 52125.50       0.0         1.790 1    04-AUG-01 
 52126.50       0.0         1.799 1    05-AUG-01 
 52127.50       0.0         1.802 1    06-AUG-01 
 52128.50       0.0         1.810 1    07-AUG-01 
 52129.50       0.0         1.822 1    08-AUG-01 
 52130.50       0.0         1.825 1    09-AUG-01 
 52131.50       0.0         1.843 1    10-AUG-01 
 52132.50       0.0         1.844 1    11-AUG-01 
 52133.50       0.0         1.854 1    12-AUG-01 
 52134.50       0.0         1.869 1    13-AUG-01 
 52135.50       0.0         1.865 1    14-AUG-01 
 52136.50       0.0         1.878 1    15-AUG-01 
 52137.50       0.0         1.881 1    16-AUG-01 
 52138.50       0.0         1.895 1    17-AUG-01 
 52139.50       0.0         1.897 1    18-AUG-01 
 52140.50       0.0         1.905 1    19-AUG-01 
 52141.50       0.0         1.919 1    20-AUG-01 
 52142.50       0.0         1.932 1    21-AUG-01 
 52143.50       0.0         1.938 1    22-AUG-01 
 52144.50       0.0         1.942 1    23-AUG-01 
 52145.50       0.0         1.951 1    24-AUG-01 
 52146.50       0.0         1.964 1    25-AUG-01 
 52147.50       0.0         1.971 1    26-AUG-01 
 52148.50       0.0         1.975 1    27-AUG-01 
 52149.50       0.0         1.977 1    28-AUG-01 
 52150.50       0.0         1.984 1    29-AUG-01 
 52151.50       0.0         2.002 1    30-AUG-01 
 52152.50       0.0         2.020 1    31-AUG-01 
 52153.50       0.0         2.017 1    01-SEP-01 
 52154.50       0.0         2.025 1    02-SEP-01 
 52155.50       0.0         2.041 1    03-SEP-01 
 52156.50       0.0         2.038 1    04-SEP-01 
 52157.50       0.0         2.043 1    05-SEP-01 
 52158.50       0.0         2.053 1    06-SEP-01 
 52159.50       0.0         2.067 1    07-SEP-01 
 52160.50       0.0         2.071 1    08-SEP-01 
 52161.50       0.0         2.079 1    09-SEP-01 
 52162.50       0.0         2.094 1    10-SEP-01 
 52163.50       0.0         2.103 1    11-SEP-01 
 52164.50       0.0         2.108 1    12-SEP-01 
 52165.50       0.0         2.107 1    13-SEP-01 
 52166.50       0.0         2.119 1    14-SEP-01 
 52167.50       0.0         2.134 1    15-SEP-01 
 52168.50       0.0         2.138 1    16-SEP-01 
 52169.50       0.0         2.150 1    17-SEP-01 
 52170.50       0.0         2.160 1    18-SEP-01 
 52171.50       0.0         2.163 1    19-SEP-01 
 52172.50       0.0         2.174 1    20-SEP-01 
 52173.50       0.0         2.188 1    21-SEP-01 
 52174.50       0.0         2.200 1    22-SEP-01 
 52175.50       0.0         2.205 1    23-SEP-01 
 52176.50       0.0         2.211 1    24-SEP-01 
 52181.50       0.0         2.260 1    29-SEP-01 
 52182.50       0.0         2.268 1    30-SEP-01 
 52182.50       0.0         2.272 1    30-SEP-01 
 52183.50       0.0         2.263 1    01-OCT-01 
 52184.50       0.0         2.271 1    02-OCT-01 
 52185.50       0.0         2.278 1    03-OCT-01 
 52186.50       0.0         2.292 1    04-OCT-01 
 52187.50       0.0         2.308 1    05-OCT-01 
 52188.50       0.0         2.325 1    06-OCT-01 
 52189.50       0.0         2.349 1    07-OCT-01 
 52190.50       0.0         2.355 1    08-OCT-01 
 52191.50       0.0         2.364 1    09-OCT-01 
 52192.50       0.0         2.368 1    10-OCT-01 
 52193.50       0.0         2.368 1    11-OCT-01 
 52194.50       0.0         2.376 1    12-OCT-01 
 52195.50       0.0         2.378 1    13-OCT-01 
 52196.50       0.0         2.387 1    14-OCT-01 
 52197.50       0.0         2.397 1    15-OCT-01 
 52198.50       0.0         2.417 1    16-OCT-01 
 52199.50       0.0         2.420 1    17-OCT-01 
 52200.50       0.0         2.427 1    18-OCT-01 
 52201.50       0.0         2.450 1    19-OCT-01 
 52202.50       0.0         2.451 1    20-OCT-01 
 52203.50       0.0         2.455 1    21-OCT-01 
 52204.50       0.0         2.459 1    22-OCT-01 
 52205.50       0.0         2.466 1    23-OCT-01 
 52206.50       0.0         2.466 1    24-OCT-01 
 52207.50       0.0         2.479 1    25-OCT-01 
 52208.50       0.0         2.494 1    26-OCT-01 
 52209.50       0.0         2.510 1    27-OCT-01 
 52210.50       0.0         2.513 1    28-OCT-01 
 52211.50       0.0         2.522 1    29-OCT-01 
 52212.50       0.0         2.525 1    30-OCT-01 
 52213.50       0.0         2.528 1    31-OCT-01 
 52226.50       0.0         2.635 1    13-NOV-01 
 52227.50       0.0         2.651 1    14-NOV-01 
 52228.50       0.0         2.659 1    15-NOV-01 
 52229.50       0.0         2.664 1    16-NOV-01 
 52230.50       0.0         2.678 1    17-NOV-01 
 52231.50       0.0         2.689 1    18-NOV-01 
 52232.50       0.0         2.698 1    19-NOV-01 
 52233.50       0.0         2.694 1    20-NOV-01 
 52234.50       0.0         2.708 1    21-NOV-01 
 52235.50       0.0         2.712 1    22-NOV-01 
 52236.50       0.0         2.714 1    23-NOV-01 
 52237.50       0.0         2.716 1    24-NOV-01 
 52238.50       0.0         2.732 1    25-NOV-01 
 52239.50       0.0         2.738 1    26-NOV-01 
 52240.50       0.0         2.739 1    27-NOV-01 
 52241.50       0.0         2.752 1    28-NOV-01 
 52242.50       0.0         2.760 1    29-NOV-01 
 52243.50       0.0         2.766 1    30-NOV-01 
 52244.50       0.0         2.783 1    01-DEC-01 
 52245.50       0.0         2.795 1    02-DEC-01 
 52246.50       0.0         2.806 1    03-DEC-01 
 52247.50       0.0         2.812 1    04-DEC-01 
 52248.50       0.0         2.816 1    05-DEC-01 
 52254.50       0.0         2.879 1    11-DEC-01 
 52255.50       0.0         2.875 1    12-DEC-01 
 52256.50       0.0         2.881 1    13-DEC-01 
 52257.50       0.0         2.878 1    14-DEC-01 
 52258.50       0.0         0.017 1    15-DEC-01 
 52259.50       0.0         0.021 1    16-DEC-01 
 52260.50       0.0         0.018 1    17-DEC-01 
 52261.50       0.0         0.022 1    18-DEC-01 
 52262.50       0.0         0.030 1    19-DEC-01 
 52263.50       0.0         0.044 1    20-DEC-01 
 52264.50       0.0         0.057 1    21-DEC-01 
 52265.50       0.0         0.082 1    22-DEC-01 
 52266.50       0.0         0.068 1    23-DEC-01 
 52267.50       0.0         0.072 1    24-DEC-01 
 52268.50       0.0         0.099 1    25-DEC-01 
 52269.50       0.0         0.080 1    26-DEC-01 
 52270.50       0.0         0.018 1    27-DEC-01 
 52271.50       0.0         0.022 1    28-DEC-01 
 52272.50       0.0         0.022 1    29-DEC-01 
 52273.50       0.0         0.044 1    30-DEC-01 
 52274.50       0.0         0.082 1    31-DEC-01 
 52275.50       0.0         0.073 1    01-JAN-02 
 52276.50       0.0         0.107 1    02-JAN-02 
 52277.50       0.0         0.068 1    03-JAN-02 
 52278.50       0.0         0.073 1    04-JAN-02 
 52279.50       0.0         0.079 1    05-JAN-02 
 52280.50       0.0         0.083 1    06-JAN-02 
 52281.50       0.0         0.089 1    07-JAN-02 
 52282.50       0.0         0.106 1    08-JAN-02 
 52283.50       0.0         0.109 1    09-JAN-02 
 52284.50       0.0         0.120 1    10-JAN-02 
 52285.50       0.0         0.135 1    11-JAN-02 
 52286.50       0.0         0.138 1    12-JAN-02 
 52287.50       0.0         0.143 1    13-JAN-02 
 52288.50       0.0         0.149 1    14-JAN-02 
 52289.50       0.0         0.157 1    15-JAN-02 
 52290.50       0.0         0.162 1    16-JAN-02 
 52291.50       0.0         0.176 1    17-JAN-02 
 52292.50       0.0         0.188 1    18-JAN-02 
 52293.50       0.0         0.201 1    19-JAN-02 
 52294.50       0.0         0.213 1    20-JAN-02 
 52295.50       0.0         0.211 1    21-JAN-02 
 52296.50       0.0         0.226 1    22-JAN-02 
 52297.50       0.0         0.238 1    23-JAN-02 
 52298.50       0.0         0.245 1    24-JAN-02 
 52299.50       0.0         0.253 1    25-JAN-02 
 52300.50       0.0         0.269 1    26-JAN-02 
 52301.50       0.0         0.275 1    27-JAN-02 
 52302.50       0.0         0.280 1    28-JAN-02 
 52303.50       0.0         0.289 1    29-JAN-02 
 52304.50       0.0         0.292 1    30-JAN-02 
 52305.50       0.0         0.313 1    31-JAN-02 
 52306.50       0.0         0.319 1    01-FEB-02 
 52307.50       0.0         0.336 1    02-FEB-02 
 52308.50       0.0         0.332 1    03-FEB-02 
 52309.50       0.0         0.338 1    04-FEB-02 
 52310.50       0.0         0.397 1    05-FEB-02 
 52311.50       0.0         0.363 1    06-FEB-02 
 52312.50       0.0         0.358 1    07-FEB-02 
 52313.50       0.0         0.376 1    08-FEB-02 
 52314.50       0.0         0.383 1    09-FEB-02 
 52315.50       0.0         0.384 1    10-FEB-02 
 52316.50       0.0         0.401 1    11-FEB-02 
 52317.50       0.0         0.400 1    12-FEB-02 
 52318.50       0.0         0.413 1    13-FEB-02 
 52319.50       0.0         0.420 1    14-FEB-02 
 52320.50       0.0         0.428 1    15-FEB-02 
 52321.50       0.0         0.435 1    16-FEB-02 
 52322.50       0.0         0.443 1    17-FEB-02 
 52323.50       0.0         0.471 1    18-FEB-02 
 52324.50       0.0         0.469 1    19-FEB-02 
 52325.50       0.0         0.473 1    20-FEB-02 
 52326.50       0.0         0.483 1    21-FEB-02 
 52327.50       0.0         0.494 1    22-FEB-02 
 52328.50       0.0         0.497 1    23-FEB-02 
 52329.50       0.0         0.513 1    24-FEB-02 
 52330.50       0.0         0.526 1    25-FEB-02 
 52331.50       0.0         0.533 1    26-FEB-02 
 52332.50       0.0         0.540 1    27-FEB-02 
 52333.50       0.0         0.556 1    28-FEB-02 
 52334.50       0.0         0.551 1    01-MAR-02 
 52335.50       0.0         0.555 1    02-MAR-02 
 52336.50       0.0         0.576 1    03-MAR-02 
 52337.50       0.0         0.585 1    04-MAR-02 
 52338.50       0.0         0.604 1    05-MAR-02 
 52339.50       0.0         0.604 1    06-MAR-02 
 52340.50       0.0         0.605 1    07-MAR-02 
 52341.50       0.0         0.615 1    08-MAR-02 
 52342.50       0.0         0.626 1    09-MAR-02 
 52343.50       0.0         0.635 1    10-MAR-02 
 52344.50       0.0         0.641 1    11-MAR-02 
 52345.50       0.0         0.652 1    12-MAR-02 
 52346.50       0.0         0.668 1    13-MAR-02 
 52347.50       0.0         0.668 1    14-MAR-02 
 52348.50       0.0         0.679 1    15-MAR-02 
 52349.50       0.0         0.696 1    16-MAR-02 
 52350.50       0.0         0.703 1    17-MAR-02 
 52351.50       0.0         0.705 1    18-MAR-02 
 52352.50       0.0         0.717 1    19-MAR-02 
 52353.50       0.0         0.731 1    20-MAR-02 
 52354.50       0.0         0.735 1    21-MAR-02 
 52355.50       0.0         0.750 1    22-MAR-02 
 52356.50       0.0         0.752 1    23-MAR-02 
 52357.50       0.0         0.745 1    24-MAR-02 
 52358.50       0.0         0.777 1    25-MAR-02 
 52359.50       0.0         0.928 1    26-MAR-02 
 52360.50       0.0         0.942 1    27-MAR-02 
 52361.50       0.0         0.950 1    28-MAR-02 
 52362.50       0.0         0.955 1    29-MAR-02 
 52363.50       0.0         0.972 1    30-MAR-02 
 52364.50       0.0         0.994 1    31-MAR-02 
 52365.50       0.0         0.989 1    01-APR-02 
 52366.50       0.0         0.993 1    02-APR-02 
 52367.50       0.0         0.997 1    03-APR-02 
 52368.50       0.0         1.008 1    04-APR-02 
 52369.50       0.0         1.013 1    05-APR-02 
 52370.50       0.0         1.019 1    06-APR-02 
 52371.50       0.0         1.020 1    07-APR-02 
 52372.50       0.0         1.016 1    08-APR-02 
 52373.50       0.0         1.022 1    09-APR-02 
 52374.50       0.0         1.022 1    10-APR-02 
 52375.50       0.0         1.028 1    11-APR-02 
 52376.50       0.0         1.026 1    12-APR-02 
 52377.50       0.0         1.028 1    13-APR-02 
 52378.50       0.0         1.020 1    14-APR-02 
 52379.50       0.0         1.027 1    15-APR-02 
 52380.50       0.0         1.026 1    16-APR-02 
 52381.50       0.0         1.020 1    17-APR-02 
 52382.50       0.0         1.017 1    18-APR-02 
 52383.50       0.0         1.018 1    19-APR-02 
 52384.50       0.0         1.020 1    20-APR-02 
 52385.50       0.0         1.026 1    21-APR-02 
 52386.50       0.0         1.021 1    22-APR-02 
 52387.50       0.0         1.033 1    23-APR-02 
 52388.50       0.0         1.034 1    24-APR-02 
 52389.50       0.0         1.032 1    25-APR-02 
 52390.50       0.0         1.038 1    26-APR-02 
 52391.50       0.0         1.042 1    27-APR-02 
 52392.50       0.0         1.032 1    28-APR-02 
 52393.50       0.0         1.030 1    29-APR-02 
 52394.50       0.0         1.044 1    30-APR-02 
 52395.50       0.0         1.038 1    01-MAY-02 
 52396.50       0.0         1.037 1    02-MAY-02 
 52397.50       0.0         1.041 1    03-MAY-02 
 52398.50       0.0         1.054 1    04-MAY-02 
 52399.50       0.0         1.048 1    05-MAY-02 
 52400.50       0.0         1.050 1    06-MAY-02 
 52401.50       0.0         1.050 1    07-MAY-02 
 52402.50       0.0         1.041 1    08-MAY-02 
 52403.50       0.0         1.042 1    09-MAY-02 
 52404.50       0.0         1.032 1    10-MAY-02 
 52405.50       0.0         1.033 1    11-MAY-02 
 52406.50       0.0         1.029 1    12-MAY-02 
 52407.50       0.0         1.036 1    13-MAY-02 
 52408.50       0.0         1.042 1    14-MAY-02 
 52409.50       0.0         1.034 1    15-MAY-02 
 52410.50       0.0         1.040 1    16-MAY-02 
 52411.50       0.0         1.047 1    17-MAY-02 
 52412.50       0.0         1.050 1    18-MAY-02 
 52413.50       0.0         1.040 1    19-MAY-02 
 52414.50       0.0         1.054 1    20-MAY-02 
 52415.50       0.0         1.045 1    21-MAY-02 
 52416.50       0.0         1.050 1    22-MAY-02 
 52417.50       0.0         1.044 1    23-MAY-02 
 52418.50       0.0         1.036 1    24-MAY-02 
 52419.50       0.0         1.042 1    25-MAY-02 
 52420.50       0.0         1.042 1    26-MAY-02 
 52421.50       0.0         1.048 1    27-MAY-02 
 52422.50       0.0         1.043 1    28-MAY-02 
 52423.50       0.0         1.065 1    29-MAY-02 
 52424.50       0.0         1.060 1    30-MAY-02 
 52425.50       0.0         1.063 1    31-MAY-02 
 52426.50       0.0         1.054 1    01-JUN-02 
 52427.50       0.0         1.048 1    02-JUN-02 
 52428.50       0.0         1.052 1    03-JUN-02 
 52429.50       0.0         1.053 1    04-JUN-02 
 52430.50       0.0         1.056 1    05-JUN-02 
 52431.50       0.0         1.066 1    06-JUN-02 
 52432.50       0.0         1.065 1    07-JUN-02 
 52433.50       0.0         1.064 1    08-JUN-02 
 52434.50       0.0         1.060 1    09-JUN-02 
 52435.50       0.0         1.066 1    10-JUN-02 
 52436.50       0.0         1.060 1    11-JUN-02 
 52437.50       0.0         1.061 1    12-JUN-02 
 52438.50       0.0         1.064 1    13-JUN-02 
 52439.50       0.0         1.069 1    14-JUN-02 
 52440.50       0.0         1.072 1    15-JUN-02 
 52441.50       0.0         1.077 1    16-JUN-02 
 52442.50       0.0         1.058 1    17-JUN-02 
 52443.50       0.0         1.069 1    18-JUN-02 
 52444.50       0.0         1.069 1    19-JUN-02 
 52445.50       0.0         1.069 1    20-JUN-02 
 52446.50       0.0         1.065 1    21-JUN-02 
 52447.50       0.0         1.063 1    22-JUN-02 
 52448.50       0.0         1.067 1    23-JUN-02 
 52449.50       0.0         1.060 1    24-JUN-02 
 52450.50       0.0         1.063 1    25-JUN-02 
 52451.50       0.0         1.065 1    26-JUN-02 
 52452.50       0.0         1.070 1    27-JUN-02 
 52453.50       0.0         1.068 1    28-JUN-02 
 52454.50       0.0         1.067 1    29-JUN-02 
 52455.50       0.0         1.066 1    30-JUN-02 
 52456.50       0.0         1.069 1    01-JUL-02 
 52457.50       0.0         1.070 1    02-JUL-02 
 52458.50       0.0         1.070 1    03-JUL-02 
 52459.50       0.0         1.074 1    04-JUL-02 
 52460.50       0.0         1.074 1    05-JUL-02 
 52461.50       0.0         1.068 1    06-JUL-02 
 52462.50       0.0         1.077 1    07-JUL-02 
 52463.50       0.0         1.081 1    08-JUL-02 
 52464.50       0.0         1.082 1    09-JUL-02 
 52465.50       0.0         1.077 1    10-JUL-02 
 52466.50       0.0         1.082 1    11-JUL-02 
 52467.50       0.0         1.078 1    12-JUL-02 
 52468.50       0.0         1.086 1    13-JUL-02 
 52469.50       0.0         1.105 1    14-JUL-02 
 52470.50       0.0         1.080 1    15-JUL-02 
 52471.50       0.0         1.076 1    16-JUL-02 
 52472.50       0.0         1.079 1    17-JUL-02 
 52473.50       0.0         1.076 1    18-JUL-02 
 52474.50       0.0         1.082 1    19-JUL-02 
 52477.50       0.0         1.079 1    22-JUL-02 
 52478.50       0.0         1.079 1    23-JUL-02 
 52479.50       0.0         1.085 1    24-JUL-02 
 52480.50       0.0         1.089 1    25-JUL-02 
 52481.50       0.0         1.090 1    26-JUL-02 
 52482.50       0.0         1.080 1    27-JUL-02 
 52483.50       0.0         1.084 1    28-JUL-02 
 52484.50       0.0         1.084 1    29-JUL-02 
 52485.50       0.0         1.087 1    30-JUL-02 
 52486.50       0.0         1.085 1    31-JUL-02 
 52487.50       0.0         1.083 1    01-AUG-02 
 52488.50       0.0         1.082 1    02-AUG-02 
 52489.50       0.0         1.081 1    03-AUG-02 
 52490.50       0.0         1.084 1    04-AUG-02 
 52491.50       0.0         1.089 1    05-AUG-02 
 52492.50       0.0         1.093 1    06-AUG-02 
 52493.50       0.0         1.077 1    07-AUG-02 
 52494.50       0.0         1.091 1    08-AUG-02 
 52495.50       0.0         1.097 1    09-AUG-02 
 52496.50       0.0         1.092 1    10-AUG-02 
 52497.50       0.0         1.086 1    11-AUG-02 
 52498.50       0.0         1.093 1    12-AUG-02 
 52499.50       0.0         1.087 1    13-AUG-02 
 52500.50       0.0         1.091 1    14-AUG-02 
 52501.50       0.0         1.089 1    15-AUG-02 
 52502.50       0.0         1.093 1    16-AUG-02 
 52503.50       0.0         1.091 1    17-AUG-02 
 52504.50       0.0         1.117 1    18-AUG-02 
 52505.50       0.0         1.093 1    19-AUG-02 
 52506.50       0.0         1.098 1    20-AUG-02 
 52507.50       0.0         1.105 1    21-AUG-02 
 52508.50       0.0         1.109 1    22-AUG-02 
 52509.50       0.0         1.108 1    23-AUG-02 
 52510.50       0.0         1.109 1    24-AUG-02 
 52511.50       0.0         1.105 1    25-AUG-02 
 52512.50       0.0         1.119 1    26-AUG-02 
 52513.50       0.0         1.121 1    27-AUG-02 
 52514.50       0.0         1.119 1    28-AUG-02 
 52515.50       0.0         1.119 1    29-AUG-02 
 52516.50       0.0         1.119 1    30-AUG-02 
 52517.50       0.0         1.123 1    31-AUG-02 
 52518.50       0.0         1.121 1    01-SEP-02 
 52519.50       0.0         1.115 1    02-SEP-02 
 52520.50       0.0         1.121 1    03-SEP-02 
 52521.50       0.0         1.114 1    04-SEP-02 
 52522.50       0.0         1.123 1    05-SEP-02 
 52523.50       0.0         1.125 1    06-SEP-02 
 52524.50       0.0         1.129 1    07-SEP-02 
 52525.50       0.0         1.121 1    08-SEP-02 
 52526.50       0.0         1.124 1    09-SEP-02 
 52527.50       0.0         1.127 1    10-SEP-02 
 52528.50       0.0         1.127 1    11-SEP-02 
 52529.50       0.0         1.129 1    12-SEP-02 
 52530.50       0.0         1.127 1    13-SEP-02 
 52531.50       0.0         1.133 1    14-SEP-02 
 52532.50       0.0         1.133 1    15-SEP-02 
 52533.50       0.0         1.131 1    16-SEP-02 
 52534.50       0.0         1.128 1    17-SEP-02 
 52535.50       0.0         1.128 1    18-SEP-02 
 52536.50       0.0         1.129 1    19-SEP-02 
 52537.50       0.0         1.130 1    20-SEP-02 
 52538.50       0.0         1.136 1    21-SEP-02 
 52539.50       0.0         1.142 1    22-SEP-02 
 52540.50       0.0         1.139 1    23-SEP-02 
 52541.50       0.0         1.137 1    24-SEP-02 
 52542.50       0.0         1.147 1    25-SEP-02 
 52543.50       0.0         1.145 1    26-SEP-02 
 52544.50       0.0         1.149 1    27-SEP-02 
 52545.50       0.0         1.137 1    28-SEP-02 
 52546.50       0.0         1.148 1    29-SEP-02 
 52547.50       0.0         1.144 1    30-SEP-02 
 52548.50       0.0         1.129 1    01-OCT-02 
 52549.50       0.0         1.137 1    02-OCT-02 
 52550.50       0.0         1.142 1    03-OCT-02 
 52551.50       0.0         1.143 1    04-OCT-02 
 52552.50       0.0         1.143 1    05-OCT-02 
 52553.50       0.0      198834.652 1    06-OCT-02 
 52554.50       0.0      198834.637 1    07-OCT-02 
 52555.50       0.0      -198834.638 1    08-OCT-02 
 52556.50       0.0         0.060 1    09-OCT-02 
 52557.50       0.0         0.062 1    10-OCT-02 
 52558.50       0.0         0.058 1    11-OCT-02 
 52559.50       0.0         0.045 1    12-OCT-02 
 52560.50       0.0         0.069 1    13-OCT-02 
 52561.50       0.0         0.060 1    14-OCT-02 
 52562.50       0.0         0.070 1    15-OCT-02 
 52563.50       0.0         0.068 1    16-OCT-02 
 52564.50       0.0         0.069 1    17-OCT-02 
 52565.50       0.0         0.073 1    18-OCT-02 
 52566.50       0.0         0.071 1    19-OCT-02 
 52567.50       0.0         0.064 1    20-OCT-02 
 52568.50       0.0         0.064 1    21-OCT-02 
 52569.50       0.0         0.065 1    22-OCT-02 
 52570.50       0.0         0.082 1    23-OCT-02 
 52571.50       0.0         0.072 1    24-OCT-02 
 52572.50       0.0         0.068 1    25-OCT-02 
 52573.50       0.0         0.071 1    26-OCT-02 
 52574.50       0.0         0.071 1    27-OCT-02 
 52575.50       0.0         0.080 1    28-OCT-02 
 52576.50       0.0         0.074 1    29-OCT-02 
 52577.50       0.0         0.079 1    30-OCT-02 
 52578.50       0.0         0.083 1    31-OCT-02 
 52579.50       0.0         0.085 1    01-NOV-02 
 52580.50       0.0         0.091 1    02-NOV-02 
 52581.50       0.0         0.095 1    03-NOV-02 
 52582.50       0.0         0.088 1    04-NOV-02 
 52583.50       0.0         0.089 1    05-NOV-02 
 52584.50       0.0         0.084 1    06-NOV-02 
 52585.50       0.0         0.089 1    07-NOV-02 
 52586.50       0.0         0.102 1    08-NOV-02 
 52587.50       0.0         0.089 1    09-NOV-02 
 52588.50       0.0         0.088 1    10-NOV-02 
 52589.50       0.0         0.088 1    11-NOV-02 
 52590.50       0.0         0.091 1    12-NOV-02 
 52591.50       0.0         0.092 1    13-NOV-02 
 52592.50       0.0         0.096 1    14-NOV-02 
 52593.50       0.0         0.096 1    15-NOV-02 
 52594.50       0.0         0.094 1    16-NOV-02 
 52595.50       0.0         0.092 1    17-NOV-02 
 52596.50       0.0         0.094 1    18-NOV-02 
 52597.50       0.0         0.107 1    19-NOV-02 
 52598.50       0.0         0.104 1    20-NOV-02 
 52599.50       0.0         0.101 1    21-NOV-02 
 52600.50       0.0         0.102 1    22-NOV-02 
 52601.50       0.0         0.000 1    23-NOV-02 
 52602.50       0.0         0.103 1    24-NOV-02 
 52603.50       0.0         0.105 1    25-NOV-02 
 52604.50       0.0         0.104 1    26-NOV-02 
 52605.50       0.0         0.103 1    27-NOV-02 
 52606.50       0.0         0.120 1    28-NOV-02 
 52607.50       0.0         0.120 1    29-NOV-02 
 52608.50       0.0         0.114 1    30-NOV-02 
 52609.50       0.0         0.123 1    01-DEC-02 
 52610.50       0.0         0.114 1    02-DEC-02 
 52611.50       0.0         0.112 1    03-DEC-02 
 52612.50       0.0         0.123 1    04-DEC-02 
 52613.50       0.0         0.120 1    05-DEC-02 
 52614.50       0.0         0.116 1    06-DEC-02 
 52615.50       0.0         0.126 1    07-DEC-02 
 52616.50       0.0         0.126 1    08-DEC-02 
 52617.50       0.0         0.123 1    09-DEC-02 
 52618.50       0.0         0.122 1    10-DEC-02 
 52619.50       0.0         0.115 1    11-DEC-02 
 52620.50       0.0         0.122 1    12-DEC-02 
 52621.50       0.0         0.124 1    13-DEC-02 
 52622.50       0.0         0.124 1    14-DEC-02 
 52623.50       0.0         0.124 1    15-DEC-02 
 52624.50       0.0         0.124 1    16-DEC-02 
 52625.50       0.0         0.135 1    17-DEC-02 
 52626.50       0.0         0.132 1    18-DEC-02 
 52627.50       0.0         0.132 1    19-DEC-02 
 52628.50       0.0         0.129 1    20-DEC-02 
 52629.50       0.0         0.131 1    21-DEC-02 
 52630.50       0.0         0.139 1    22-DEC-02 
 52631.50       0.0         0.141 1    23-DEC-02 
 52632.50       0.0         0.138 1    24-DEC-02 
 52633.50       0.0         0.134 1    25-DEC-02 
 52634.50       0.0         0.142 1    26-DEC-02 
 52635.50       0.0         0.167 1    27-DEC-02 
 52636.50       0.0         0.145 1    28-DEC-02 
 52637.50       0.0         0.144 1    29-DEC-02 
 52638.50       0.0         0.140 1    30-DEC-02 
 52639.50       0.0         0.157 1    31-DEC-02 
 52640.50       0.0         0.143 1    01-JAN-03 
 52641.50       0.0         0.144 1    02-JAN-03 
 52642.50       0.0         0.154 1    03-JAN-03 
 52643.50       0.0         0.147 1    04-JAN-03 
 52644.50       0.0         0.149 1    05-JAN-03 
 52645.50       0.0         0.151 1    06-JAN-03 
 52646.50       0.0         0.154 1    07-JAN-03 
 52647.50       0.0         0.148 1    08-JAN-03 
 52648.50       0.0         0.150 1    09-JAN-03 
 52649.50       0.0         0.153 1    10-JAN-03 
 52650.50       0.0         0.161 1    11-JAN-03 
 52651.50       0.0         0.170 1    12-JAN-03 
 52652.50       0.0         0.170 1    13-JAN-03 
 52653.50       0.0         0.161 1    14-JAN-03 
 52654.50       0.0         0.158 1    15-JAN-03 
 52655.50       0.0         0.184 1    16-JAN-03 
 52656.50       0.0         0.167 1    17-JAN-03 
 52657.50       0.0         0.184 1    18-JAN-03 
 52658.50       0.0         0.174 1    19-JAN-03 
 52659.50       0.0         0.174 1    20-JAN-03 
 52660.50       0.0         0.171 1    21-JAN-03 
 52661.50       0.0         0.191 1    22-JAN-03 
 52662.50       0.0         0.181 1    23-JAN-03 
 52663.50       0.0         0.197 1    24-JAN-03 
 52664.50       0.0         0.183 1    25-JAN-03 
 52665.50       0.0         0.177 1    26-JAN-03 
 52666.50       0.0         0.184 1    27-JAN-03 
 52667.50       0.0         0.185 1    28-JAN-03 
 52670.50       0.0         0.177 1    31-JAN-03 
 52671.50       0.0         0.183 1    01-FEB-03 
 52672.50       0.0         0.178 1    02-FEB-03 
 52673.50       0.0         0.185 1    03-FEB-03 
 52674.50       0.0         0.194 1    04-FEB-03 
 52675.50       0.0         0.190 1    05-FEB-03 
 52676.50       0.0         0.196 1    06-FEB-03 
 52677.50       0.0         0.199 1    07-FEB-03 
 52678.50       0.0         0.199 1    08-FEB-03 
 52679.50       0.0         0.208 1    09-FEB-03 
 52680.50       0.0         0.204 1    10-FEB-03 
 52681.50       0.0         0.202 1    11-FEB-03 
 52682.50       0.0         0.197 1    12-FEB-03 
 52683.50       0.0         0.208 1    13-FEB-03 
 52684.50       0.0         0.208 1    14-FEB-03 
 52685.50       0.0         0.204 1    15-FEB-03 
 52686.50       0.0         0.217 1    16-FEB-03 
 52687.50       0.0         0.212 1    17-FEB-03 
 52688.50       0.0         0.210 1    18-FEB-03 
 52689.50       0.0         0.216 1    19-FEB-03 
 52690.50       0.0         0.222 1    20-FEB-03 
 52691.50       0.0         0.220 1    21-FEB-03 
 52692.50       0.0         0.219 1    22-FEB-03 
 52693.50       0.0         0.227 1    23-FEB-03 
 52694.50       0.0         0.216 1    24-FEB-03 
 52695.50       0.0         0.211 1    25-FEB-03 
 52696.50       0.0         0.226 1    26-FEB-03 
 52697.50       0.0         0.224 1    27-FEB-03 
 52698.50       0.0         0.240 1    28-FEB-03 
 52699.50       0.0         0.234 1    01-MAR-03 
 52700.50       0.0         0.231 1    02-MAR-03 
 52701.50       0.0         0.227 1    03-MAR-03 
 52702.50       0.0         0.234 1    04-MAR-03 
 52703.50       0.0         0.232 1    05-MAR-03 
 52704.50       0.0         0.234 1    06-MAR-03 
 52705.50       0.0         0.238 1    07-MAR-03 
 52706.50       0.0         0.236 1    08-MAR-03 
 52707.50       0.0         0.240 1    09-MAR-03 
 52708.50       0.0         0.241 1    10-MAR-03 
 52709.50       0.0         0.249 1    11-MAR-03 
 52710.50       0.0         0.241 1    12-MAR-03 
 52711.50       0.0         0.244 1    13-MAR-03 
 52712.50       0.0         0.242 1    14-MAR-03 
 52713.50       0.0         0.249 1    15-MAR-03 
 52714.50       0.0         0.246 1    16-MAR-03 
 52715.50       0.0         0.253 1    17-MAR-03 
 52716.50       0.0         0.250 1    18-MAR-03 
 52717.50       0.0         0.239 1    19-MAR-03 
 52718.50       0.0         0.240 1    20-MAR-03 
 52719.50       0.0         0.243 1    21-MAR-03 
 52720.50       0.0         0.249 1    22-MAR-03 
 52721.50       0.0         0.248 1    23-MAR-03 
 52722.50       0.0         0.252 1    24-MAR-03 
 52723.50       0.0         0.252 1    25-MAR-03 
 52724.50       0.0         0.257 1    26-MAR-03 
 52725.50       0.0         0.254 1    27-MAR-03 
 52726.50       0.0         0.252 1    28-MAR-03 
 52727.50       0.0         0.261 1    29-MAR-03 
 52728.50       0.0         0.262 1    30-MAR-03 
 52729.50       0.0         0.242 1    31-MAR-03 
 52730.50       0.0         0.255 1    01-APR-03 
 52731.50       0.0         0.260 1    02-APR-03 
 52732.50       0.0         0.263 1    03-APR-03 
 52733.50       0.0         0.258 1    04-APR-03 
 52734.50       0.0         0.261 1    05-APR-03 
 52735.50       0.0         0.261 1    06-APR-03 
 52736.50       0.0         0.262 1    07-APR-03 
 52737.50       0.0         0.262 1    08-APR-03 
 52738.50       0.0         0.261 1    09-APR-03 
 52739.50       0.0         0.265 1    10-APR-03 
 52740.50       0.0         0.267 1    11-APR-03 
 52741.50       0.0         0.270 1    12-APR-03 
 52742.50       0.0         0.271 1    13-APR-03 
 52743.50       0.0         0.272 1    14-APR-03 
 52744.50       0.0         0.272 1    15-APR-03 
 52745.50       0.0         0.270 1    16-APR-03 
 52746.50       0.0         0.278 1    17-APR-03 
 52747.50       0.0         0.275 1    18-APR-03 
 52748.50       0.0         0.285 1    19-APR-03 
 52749.50       0.0         0.281 1    20-APR-03 
 52750.50       0.0         0.283 1    21-APR-03 
 52751.50       0.0         0.281 1    22-APR-03 
 52752.50       0.0         0.282 1    23-APR-03 
 52753.50       0.0         0.278 1    24-APR-03 
 52754.50       0.0         0.283 1    25-APR-03 
 52755.50       0.0         0.284 1    26-APR-03 
 52756.50       0.0         0.282 1    27-APR-03 
 52757.50       0.0         0.287 1    28-APR-03 
 52758.50       0.0         0.282 1    29-APR-03 
 52759.50       0.0         0.285 1    30-APR-03 
 52760.50       0.0         0.277 1    01-MAY-03 
 52761.50       0.0         0.283 1    02-MAY-03 
 52762.50       0.0         0.287 1    03-MAY-03 
 52763.50       0.0         0.289 1    04-MAY-03 
 52764.50       0.0         0.296 1    05-MAY-03 
 52765.50       0.0         0.290 1    06-MAY-03 
 52766.50       0.0         0.291 1    07-MAY-03 
 52767.50       0.0         0.299 1    08-MAY-03 
 52768.50       0.0         0.296 1    09-MAY-03 
 52769.50       0.0         0.300 1    10-MAY-03 
 52770.50       0.0         0.298 1    11-MAY-03 
 52771.50       0.0         0.303 1    12-MAY-03 
 52772.50       0.0         0.307 1    13-MAY-03 
 52773.50       0.0         0.310 1    14-MAY-03 
 52774.50       0.0         0.308 1    15-MAY-03 
 52775.50       0.0         0.307 1    16-MAY-03 
 52776.50       0.0         0.310 1    17-MAY-03 
 52777.50       0.0         0.315 1    18-MAY-03 
 52778.50       0.0         0.315 1    19-MAY-03 
 52779.50       0.0         0.319 1    20-MAY-03 
 52780.50       0.0         0.319 1    21-MAY-03 
 52781.50       0.0         0.318 1    22-MAY-03 
 52782.50       0.0         0.317 1    23-MAY-03 
 52783.50       0.0         0.326 1    24-MAY-03 
 52784.50       0.0         0.325 1    25-MAY-03 
 52785.50       0.0         0.324 1    26-MAY-03 
 52786.50       0.0         0.324 1    27-MAY-03 
 52787.50       0.0         0.326 1    28-MAY-03 
 52788.50       0.0         0.329 1    29-MAY-03 
 52789.50       0.0         0.325 1    30-MAY-03 
 52790.50       0.0         0.326 1    31-MAY-03 
 52791.50       0.0         0.326 1    01-JUN-03 
 52792.50       0.0         0.332 1    02-JUN-03 
 52793.50       0.0         0.333 1    03-JUN-03 
 52794.50       0.0         0.335 1    04-JUN-03 
 52795.50       0.0         0.336 1    05-JUN-03 
 52796.50       0.0         0.339 1    06-JUN-03 
 52797.50       0.0         0.339 1    07-JUN-03 
 52798.50       0.0         0.333 1    08-JUN-03 
 52799.50       0.0         0.342 1    09-JUN-03 
 52800.50       0.0         0.339 1    10-JUN-03 
 52801.50       0.0         0.347 1    11-JUN-03 
 52802.50       0.0         0.352 1    12-JUN-03 
 52803.50       0.0         0.344 1    13-JUN-03 
 52804.50       0.0         0.345 1    14-JUN-03 
 52805.50       0.0         0.346 1    15-JUN-03 
 52806.50       0.0         0.347 1    16-JUN-03 
 52807.50       0.0         0.350 1    17-JUN-03 
 52808.50       0.0         0.352 1    18-JUN-03 
 52809.50       0.0         0.356 1    19-JUN-03 
 52810.50       0.0         0.353 1    20-JUN-03 
 52811.50       0.0         0.358 1    21-JUN-03 
 52812.50       0.0         0.356 1    22-JUN-03 
 52813.50       0.0         0.354 1    23-JUN-03 
 52814.50       0.0         0.363 1    24-JUN-03 
 52815.50       0.0         0.363 1    25-JUN-03 
 52816.50       0.0         0.364 1    26-JUN-03 
 52817.50       0.0         0.363 1    27-JUN-03 
 52818.50       0.0         0.365 1    28-JUN-03 
 52819.50       0.0         0.364 1    29-JUN-03 
 52820.50       0.0         0.370 1    30-JUN-03 
 52821.50       0.0         0.368 1    01-JUL-03 
 52822.50       0.0         0.374 1    02-JUL-03 
 52823.50       0.0         0.373 1    03-JUL-03 
 52824.50       0.0         0.366 1    04-JUL-03 
 52825.50       0.0         0.376 1    05-JUL-03 
 52826.50       0.0         0.380 1    06-JUL-03 
 52827.50       0.0         0.374 1    07-JUL-03 
 52828.50       0.0         0.382 1    08-JUL-03 
 52829.50       0.0         0.384 1    09-JUL-03 
 52830.50       0.0         0.385 1    10-JUL-03 
 52831.50       0.0         0.381 1    11-JUL-03 
 52832.50       0.0         0.384 1    12-JUL-03 
 52833.50       0.0         0.391 1    13-JUL-03 
 52834.50       0.0         0.393 1    14-JUL-03 
 52835.50       0.0         0.390 1    15-JUL-03 
 52836.50       0.0         0.385 1    16-JUL-03 
 52837.50       0.0         0.386 1    17-JUL-03 
 52838.50       0.0         0.389 1    18-JUL-03 
 52839.50       0.0         0.397 1    19-JUL-03 
 52840.50       0.0         0.392 1    20-JUL-03 
 52841.50       0.0         0.395 1    21-JUL-03 
 52842.50       0.0         0.396 1    22-JUL-03 
 52843.50       0.0         0.396 1    23-JUL-03 
 52844.50       0.0         0.392 1    24-JUL-03 
 52845.50       0.0         0.397 1    25-JUL-03 
 52846.50       0.0         0.410 1    26-JUL-03 
 52847.50       0.0         0.404 1    27-JUL-03 
 52848.50       0.0         0.404 1    28-JUL-03 
 52849.50       0.0         0.409 1    29-JUL-03 
 52850.50       0.0         0.411 1    30-JUL-03 
 52851.50       0.0         0.415 1    31-JUL-03 
 52852.50       0.0         0.416 1    01-AUG-03 
 52853.50       0.0         0.409 1    02-AUG-03 
 52854.50       0.0         0.414 1    03-AUG-03 
 52855.50       0.0         0.409 1    04-AUG-03 
 52856.50       0.0         0.414 1    05-AUG-03 
 52857.50       0.0         0.423 1    06-AUG-03 
 52858.50       0.0         0.431 1    07-AUG-03 
 52859.50       0.0         0.438 1    08-AUG-03 
 52860.50       0.0         0.432 1    09-AUG-03 
 52861.50       0.0         0.426 1    10-AUG-03 
 52862.50       0.0         0.440 1    11-AUG-03 
 52863.50       0.0         0.441 1    12-AUG-03 
 52864.50       0.0         0.437 1    13-AUG-03 
 52865.50       0.0         0.437 1    14-AUG-03 
 52866.50       0.0         0.441 1    15-AUG-03 
 52867.50       0.0         0.439 1    16-AUG-03 
 52868.50       0.0         0.443 1    17-AUG-03 
 52869.50       0.0         0.439 1    18-AUG-03 
 52870.50       0.0         0.439 1    19-AUG-03 
 52871.50       0.0         0.440 1    20-AUG-03 
 52872.50       0.0         0.447 1    21-AUG-03 
 52873.50       0.0         0.444 1    22-AUG-03 
 52874.50       0.0         0.445 1    23-AUG-03 
 52875.50       0.0         0.444 1    24-AUG-03 
 52876.50       0.0         0.459 1    25-AUG-03
 52877.50       0.0         0.455 1    26-AUG-03
 52878.50       0.0         0.457 1    27-AUG-03
 52879.50       0.0         0.452 1    28-AUG-03
 52880.50       0.0         0.453 1    29-AUG-03
 52881.50       0.0         0.458 1    30-AUG-03
 52882.50       0.0         0.459 1    31-AUG-03
 52883.50       0.0         0.466 1    01-SEP-03
 52884.50       0.0         0.469 1    02-SEP-03
 52885.50       0.0         0.467 1    03-SEP-03
 52886.50       0.0         0.468 1    04-SEP-03
 52887.50       0.0         0.464 1    05-SEP-03
 52888.50       0.0         0.455 1    06-SEP-03
 52889.50       0.0         0.468 1    07-SEP-03
 52890.50       0.0         0.468 1    08-SEP-03
 52891.50       0.0         0.468 1    09-SEP-03
 52892.50       0.0         0.471 1    10-SEP-03
 52893.50       0.0         0.470 1    11-SEP-03
 52894.50       0.0         0.477 1    12-SEP-03
# end of time_gbt.dat downloaded from Green Bank 13 Sep 03
# following is extrapolation
 52895.50       0.0         0.477 1    13-SEP-03
 52896.50       0.0         0.477 1    14-SEP-03
